0 -728.003
0.092926 -728.241
0.16684 -728.129
0.222458 -727.679
0.261154 -726.916
0.284851 -725.877
0.295776 -724.602
0.296387 -723.136
0.289078 -721.525
0.276428 -719.814
0.260727 -718.048
0.244217 -716.266
0.228943 -714.508
0.216751 -712.805
0.209229 -711.19
0.207596 -709.683
0.212906 -708.304
0.225586 -707.061
0.245712 -705.956
0.272949 -704.982
0.306381 -704.122
0.344757 -703.353
0.386337 -702.644
0.429291 -701.96
0.47168 -701.266
0.51149 -700.524
0.547119 -699.705
0.577179 -698.783
0.600693 -697.74
0.617264 -696.569
0.627075 -695.273
0.630661 -693.863
0.629013 -692.356
0.623413 -690.775
0.615326 -689.149
0.606094 -687.502
0.597122 -685.86
0.589386 -684.24
0.583618 -682.656
0.5802 -681.117
0.579178 -679.621
0.580261 -678.164
0.582901 -676.736
0.586563 -675.327
0.590546 -673.923
0.594284 -672.516
0.597412 -671.097
0.599731 -669.662
0.601303 -668.215
0.602356 -666.757
0.603455 -665.301
0.605164 -663.855
0.608017 -662.432
0.612656 -661.04
0.619385 -659.687
0.628265 -658.375
0.639191 -657.1
0.651703 -655.853
0.6651 -654.624
0.678452 -653.394
0.691025 -652.149
0.701859 -650.872
0.710342 -649.552
0.716171 -648.182
0.719376 -646.765
0.720383 -645.307
0.720062 -643.824
0.719589 -642.338
0.720154 -640.872
0.723068 -639.449
0.729416 -638.089
0.739914 -636.806
0.754745 -635.604
0.773697 -634.476
0.795807 -633.407
0.819748 -632.372
0.843811 -631.34
0.866318 -630.279
0.885544 -629.156
0.900192 -627.95
0.909592 -626.647
0.913788 -625.247
0.913376 -623.763
0.909988 -622.224
0.90564 -620.666
0.902634 -619.134
0.903366 -617.671
0.910156 -616.319
0.924545 -615.108
0.947449 -614.054
0.978958 -613.159
1.01813 -612.405
1.06319 -611.76
1.11192 -611.183
1.16156 -610.622
1.20947 -610.03
1.25325 -609.361
1.29123 -608.585
1.32236 -607.683
1.34651 -606.652
1.36464 -605.51
1.37808 -604.281
1.38885 -603.003
1.39906 -601.715
1.4106 -600.451
1.42488 -599.237
1.44261 -598.088
1.46376 -597.001
1.48737 -595.96
1.51189 -594.937
1.53531 -593.892
1.55537 -592.785
1.57021 -591.583
1.57832 -590.256
1.57904 -588.792
1.57249 -587.194
1.55981 -585.483
1.54289 -583.694
1.5242 -581.872
1.50648 -580.069
1.49248 -578.333
1.48456 -576.71
1.48433 -575.229
1.49263 -573.906
1.50946 -572.739
1.53383 -571.712
1.564 -570.792
1.59782 -569.94
1.63295 -569.111
1.66693 -568.262
1.69785 -567.356
1.7242 -566.365
1.74524 -565.276
1.76079 -564.087
1.77142 -562.806
1.77817 -561.454
1.78229 -560.053
1.78539 -558.633
1.7888 -557.22
1.79372 -555.834
1.80103 -554.492
1.81117 -553.202
1.8243 -551.967
1.83998 -550.78
1.85773 -549.631
1.87666 -548.503
1.89578 -547.38
1.91422 -546.243
1.93088 -545.074
1.94485 -543.856
1.95541 -542.573
1.96188 -541.216
1.96375 -539.773
1.96083 -538.243
1.95329 -536.627
1.94142 -534.931
1.92601 -533.17
1.90817 -531.364
1.88936 -529.539
1.8712 -527.727
1.85561 -525.963
1.84433 -524.278
1.83907 -522.703
1.84099 -521.263
1.85091 -519.969
1.8688 -518.822
1.89394 -517.809
1.92497 -516.905
1.95984 -516.072
1.99605 -515.263
2.03096 -514.431
2.06203 -513.528
2.08705 -512.513
2.10454 -511.359
2.1138 -510.053
2.11502 -508.598
2.1093 -507.016
2.09865 -505.343
2.08546 -503.623
2.07257 -501.907
2.06268 -500.249
2.05829 -498.691
2.06116 -497.266
2.07227 -495.995
2.09187 -494.88
2.11914 -493.906
2.15257 -493.047
2.19023 -492.265
2.22968 -491.516
2.26855 -490.757
2.30466 -489.947
2.33623 -489.053
2.36198 -488.051
2.3813 -486.931
2.39413 -485.691
2.40094 -484.34
2.4025 -482.892
2.39995 -481.368
2.3945 -479.79
2.38734 -478.181
2.37962 -476.562
2.37242 -474.952
2.36668 -473.37
2.36319 -471.829
2.36276 -470.344
2.36604 -468.927
2.37349 -467.588
2.38562 -466.335
2.40251 -465.17
2.42403 -464.09
2.44958 -463.086
2.47829 -462.138
2.50868 -461.222
2.53897 -460.305
2.56723 -459.35
2.59137 -458.318
2.60954 -457.177
2.62032 -455.899
2.62297 -454.471
2.61749 -452.893
2.60483 -451.183
2.58685 -449.374
2.56612 -447.514
2.54562 -445.659
2.52872 -443.87
2.51845 -442.204
2.5174 -440.708
2.52718 -439.412
2.54854 -438.329
2.58089 -437.449
2.62254 -436.741
2.67096 -436.158
2.72273 -435.637
2.77423 -435.111
2.82191 -434.514
2.86258 -433.788
2.89397 -432.89
2.91466 -431.796
2.92455 -430.501
2.9245 -429.023
2.91638 -427.397
2.90288 -425.671
2.88701 -423.901
2.8719 -422.146
2.86057 -420.459
2.85539 -418.887
2.85814 -417.46
2.86972 -416.198
2.89032 -415.101
2.91927 -414.159
2.95529 -413.347
2.9967 -412.634
3.04153 -411.985
3.08768 -411.36
3.13318 -410.723
3.17628 -410.042
3.21544 -409.287
3.24951 -408.44
3.27768 -407.483
3.29947 -406.408
3.31468 -405.213
3.32353 -403.899
3.32632 -402.473
3.32375 -400.949
3.31665 -399.341
3.30618 -397.671
3.29359 -395.962
3.28027 -394.24
3.26782 -392.533
3.25771 -390.869
3.25136 -389.275
3.25014 -387.776
3.25502 -386.389
3.26665 -385.127
3.28526 -383.994
3.31064 -382.985
3.342 -382.087
3.37811 -381.277
3.41742 -380.526
3.45798 -379.797
3.4977 -379.054
3.53458 -378.258
3.5667 -377.374
3.59258 -376.374
3.61111 -375.24
3.62201 -373.964
3.62556 -372.553
3.6227 -371.024
3.61504 -369.405
3.60457 -367.735
3.5936 -366.056
3.58447 -364.411
3.57922 -362.837
3.57938 -361.363
3.58578 -360.005
3.5986 -358.764
3.61703 -357.627
3.63962 -356.568
3.66443 -355.549
3.68916 -354.528
3.71169 -353.467
3.73018 -352.332
3.74364 -351.103
3.75188 -349.779
3.75566 -348.372
3.75673 -346.915
3.75751 -345.452
3.76077 -344.036
3.7693 -342.716
3.78542 -341.537
3.81047 -340.522
3.8447 -339.677
3.88704 -338.982
3.93503 -338.391
3.98514 -337.84
4.03322 -337.25
4.07486 -336.542
4.10609 -335.642
4.12401 -334.495
4.12709 -333.075
4.11557 -331.386
4.09155 -329.466
4.05879 -327.384
4.02232 -325.234
3.98782 -323.121
3.96107 -321.15
3.94711 -319.415
3.94962 -317.985
3.97063 -316.896
4.01009 -316.147
4.06606 -315.703
4.13481 -315.496
4.21167 -315.438
4.29124 -315.43
4.36842 -315.378
4.43901 -315.204
4.50011 -314.855
4.55055 -314.309
4.59099 -313.579
4.62357 -312.703
4.65167 -311.745
4.67917 -310.776
4.71007 -309.869
4.74751 -309.083
4.79356 -308.457
4.84871 -307.998
4.91182 -307.686
4.98022 -307.471
5.05003 -307.284
5.11681 -307.039
5.17589 -306.653
5.22313 -306.048
5.25552 -305.169
5.27138 -303.985
5.27058 -302.494
5.25471 -300.724
5.22672 -298.73
5.19054 -296.585
5.15073 -294.374
5.11195 -292.181
5.07838 -290.085
5.05342 -288.147
5.0394 -286.412
5.0374 -284.898
5.04721 -283.603
5.06767 -282.503
5.09665 -281.561
5.13144 -280.726
5.16916 -279.946
5.20702 -279.168
5.24248 -278.345
5.27356 -277.443
5.29895 -276.434
5.31802 -275.309
5.33076 -274.068
5.33783 -272.722
5.34032 -271.29
5.3396 -269.8
5.33723 -268.28
5.33482 -266.759
5.33377 -265.262
5.33513 -263.811
5.33977 -262.42
5.34802 -261.095
5.3598 -259.836
5.3748 -258.636
5.3923 -257.482
5.41151 -256.359
5.43161 -255.254
5.45201 -254.153
5.47229 -253.051
5.49236 -251.945
5.51262 -250.842
5.53365 -249.753
5.55624 -248.693
5.58118 -247.677
5.60912 -246.716
5.64026 -245.813
5.67418 -244.963
5.70998 -244.147
5.74597 -243.334
5.77997 -242.485
5.8096 -241.556
5.83243 -240.5
5.84634 -239.28
5.84996 -237.87
5.84291 -236.263
5.82588 -234.472
5.80074 -232.531
5.7704 -230.494
5.73848 -228.428
5.70891 -226.406
5.68559 -224.498
5.67172 -222.765
5.66956 -221.248
5.68004 -219.965
5.70279 -218.908
5.73604 -218.045
5.77693 -217.323
5.82199 -216.678
5.86739 -216.039
5.90953 -215.34
5.94559 -214.529
5.9736 -213.569
5.99278 -212.446
6.00346 -211.167
6.00703 -209.756
6.00552 -208.251
6.00131 -206.697
5.99693 -205.139
5.99446 -203.616
5.9955 -202.159
6.00113 -200.786
6.01169 -199.504
6.02711 -198.312
6.04697 -197.202
6.07085 -196.165
6.09831 -195.195
6.12912 -194.287
6.16327 -193.441
6.20088 -192.658
6.24202 -191.94
6.28651 -191.286
6.33392 -190.684
6.38315 -190.115
6.43257 -189.551
6.48015 -188.952
6.52344 -188.274
6.56004 -187.474
6.58795 -186.512
6.60576 -185.363
6.61304 -184.021
6.61047 -182.497
6.60001 -180.827
6.58447 -179.063
6.56746 -177.273
6.55299 -175.529
6.54485 -173.901
6.54623 -172.45
6.55952 -171.219
6.58582 -170.227
6.62489 -169.471
6.67538 -168.927
6.73499 -168.55
6.80063 -168.285
6.86902 -168.071
6.93706 -167.849
7.00188 -167.569
7.06126 -167.189
7.11377 -166.681
7.15848 -166.029
7.19496 -165.226
7.22314 -164.27
7.24318 -163.162
7.25516 -161.906
7.25912 -160.503
7.25531 -158.956
7.244 -157.27
7.2258 -155.458
7.20198 -153.541
7.17442 -151.555
7.14577 -149.549
7.11926 -147.584
7.09868 -145.727
7.08783 -144.049
7.0901 -142.615
7.10823 -141.473
7.14357 -140.648
7.196 -140.139
7.26367 -139.911
7.34329 -139.904
7.43016 -140.031
7.51881 -140.191
7.60367 -140.28
7.67952 -140.203
7.74228 -139.885
7.78947 -139.279
7.82042 -138.373
7.83636 -137.191
7.84015 -135.784
7.83604 -134.231
7.82881 -132.621
7.82327 -131.042
7.82372 -129.573
7.83319 -128.271
7.85326 -127.165
7.88399 -126.255
7.9239 -125.515
7.97035 -124.896
8.02 -124.336
8.06941 -123.771
8.1154 -123.143
8.15553 -122.407
8.18857 -121.54
8.21422 -120.536
8.23329 -119.412
8.24753 -118.198
8.25902 -116.933
8.26996 -115.658
8.2823 -114.409
8.29753 -113.213
8.31638 -112.084
8.33885 -111.022
8.3645 -110.019
8.39233 -109.056
8.42123 -108.113
8.45024 -107.171
8.47856 -106.217
8.50578 -105.242
8.53183 -104.247
8.55704 -103.235
8.58173 -102.214
8.6062 -101.189
8.63063 -100.163
8.65474 -99.131
8.67795 -98.0824
8.6993 -96.9999
8.71774 -95.8634
8.73218 -94.6529
8.7417 -93.3524
8.74596 -91.9538
8.745 -90.4591
8.73952 -88.8815
8.7308 -87.2438
8.7205 -85.5766
8.71045 -83.9141
8.70245 -82.2902
8.69818 -80.7341
8.69876 -79.268
8.70496 -77.9058
8.7171 -76.6531
8.73521 -75.5102
8.75911 -74.475
8.78883 -73.5466
8.82452 -72.7285
8.86674 -72.0307
8.91631 -71.4692
8.97433 -71.0634
9.04182 -70.8322
9.11938 -70.7873
9.207 -70.9276
9.30357 -71.2333
9.4068 -71.662
9.51318 -72.1488
9.61809 -72.6083
9.7162 -72.9423
9.80194 -73.0483
9.87025 -72.8324
9.91718 -72.2216
9.94044 -71.1746
9.94009 -69.691
9.91853 -67.8161
9.8806 -65.6396
9.83331 -63.2897
9.78506 -60.9222
9.74495 -58.7047
9.72176 -56.8
9.72311 -55.3482
9.75453 -54.4512
9.81877 -54.1605
9.91565 -54.4716
10.0418 -55.3232
10.1912 -56.6035
10.3556 -58.162
10.5257 -59.8254
10.6919 -61.4158
10.8452 -62.7694
10.9785 -63.7522
11.0867 -64.2732
11.1677 -64.2913
11.222 -63.8162
11.2526 -62.9038
11.2645 -61.6462
11.2638 -60.1583
11.2573 -58.5616
11.2511 -56.9694
11.25 -55.4733
11.2575 -54.1339
11.2747 -52.9754
11.3012 -51.9872
11.3347 -51.1283
11.3719 -50.3374
11.4089 -49.5443
11.4422 -48.6824
11.469 -47.7001
11.4877 -46.569
11.4984 -45.2887
11.5024 -43.8864
11.5026 -42.4126
11.5023 -40.932
11.5055 -39.5136
11.5154 -38.218
11.5341 -37.0873
11.5626 -36.137
11.6001 -35.3509
11.6439 -34.6829
11.6902 -34.061
11.7342 -33.3971
11.771 -32.599
11.796 -31.5834
11.8058 -30.2888
11.799 -28.6852
11.7758 -26.7801
11.7387 -24.6198
11.6923 -22.285
11.6421 -19.8823
11.5948 -17.5317
11.5567 -15.3527
11.5337 -13.4499
11.5298 -11.9011
11.5473 -10.7485
11.5865 -9.99496
11.6454 -9.6055
11.7204 -9.51349
11.8068 -9.63116
11.8994 -9.86272
11.9932 -10.1182
12.0845 -10.3266
12.171 -10.4456
12.2522 -10.4686
12.3299 -10.4255
12.4074 -10.3794
12.4896 -10.4192
12.582 -10.6483
12.6904 -11.1716
12.8197 -12.0822
12.9738 -13.4492
13.1545 -15.3079
13.3616 -17.6537
13.5925 -20.4397
13.8426 -23.5786
14.1051 -26.9482
14.3721 -30.3995
14.6346 -33.7682
14.8835 -36.8863
15.1103 -39.5947
15.3073 -41.7546
15.4688 -43.2585
15.591 -44.0377
15.6727 -44.068
15.715 -43.3722
15.7216 -42.0187
15.6986 -40.1169
15.6536 -37.8094
15.5956 -35.2606
15.5338 -32.6444
15.4776 -30.1294
15.4349 -27.8651
15.4123 -25.9699
15.4138 -24.5205
15.441 -23.5476
15.4933 -23.0344
15.5672 -22.9216
15.6577 -23.1162
15.7588 -23.5049
15.8639 -23.9688
15.9672 -24.3992
16.0641 -24.7109
16.1518 -24.8522
16.2295 -24.8091
16.2984 -24.6043
16.3613 -24.2895
16.4221 -23.9339
16.4844 -23.6086
16.5516 -23.3705
16.625 -23.2494
16.7044 -23.2372
16.787 -23.2854
16.8682 -23.3079
16.9419 -23.192
17.0014 -22.8139
17.0405 -22.0583
17.0545 -20.8384
17.041 -19.1133
17.0011 -16.8999
16.939 -14.2774
16.8622 -11.383
16.7806 -8.39895
16.7053 -5.53338
16.6479 -2.99568
16.6182 -0.971578
16.6239 0.399681
16.6691 1.04237
16.754 0.95315
16.8747 0.200535
17.0244 -1.08508
17.1935 -2.72923
17.3714 -4.53641
17.5478 -6.315
17.7137 -7.90064
17.8627 -9.17449
17.9914 -10.0742
18.0997 -10.5962
18.1902 -10.7891
18.2675 -10.7402
18.3376 -10.5561
18.4061 -10.3429
18.4776 -10.1864
18.5549 -10.1378
18.6386 -10.2056
18.7267 -10.3551
18.8154 -10.5157
18.8997 -10.5942
18.9742 -10.4921
19.0342 -10.1231
19.0767 -9.43012
19.1006 -8.39593
19.1077 -7.04875
19.1016 -5.45988
19.0882 -3.73483
19.0741 -1.99896
19.0664 -0.380053
19.0712 1.00957
19.0927 2.08858
19.1332 2.81759
19.1923 3.20389
19.2671 3.29938
19.3529 3.19207
19.4438 2.99256
19.5333 2.81744
19.6157 2.77216
19.6869 2.93571
19.7445 3.34932
19.7887 4.01051
19.8219 4.8734
19.8487 5.85503
19.875 6.84658
19.9073 7.72823
19.9517 8.38527
20.0134 8.72357
20.0956 8.68251
20.1994 8.24363
20.3232 7.43415
20.4633 6.32505
20.6138 5.024
20.7675 3.66409
20.9166 2.38984
21.0533 1.34207
21.1712 0.643376
21.2652 0.385741
21.3324 0.621737
21.3724 1.35997
21.3871 2.56526
21.3805 4.16342
21.3583 6.04984
21.3272 8.10112
21.2942 10.188
21.2658 12.1887
21.2477 14.0003
21.2438 15.5481
21.2565 16.791
21.286 17.7225
21.331 18.3688
21.3887 18.7817
21.4552 19.0298
21.5267 19.188
21.5992 19.3269
21.6696 19.5029
21.7361 19.7518
21.7981 20.0849
21.8562 20.4893
21.9122 20.9315
21.9688 21.3651
22.0285 21.7387
22.094 22.0061
22.1671 22.1344
22.2484 22.1104
22.3374 21.9437
22.4325 21.6658
22.5309 21.326
22.6295 20.9835
22.725 20.6981
22.8147 20.5196
22.8969 20.4792
22.9713 20.5824
23.0392 20.8062
23.1032 21.1005
23.1673 21.3937
23.2361 21.6018
23.314 21.6408
23.4049 21.4388
23.5115 20.9483
23.6345 20.1552
23.7725 19.0839
23.9222 17.7973
24.0784 16.3919
24.2345 14.9876
24.3835 13.7139
24.5187 12.6953
24.6344 12.0354
24.727 11.8042
24.7948 12.029
24.839 12.6904
24.863 13.7244
24.8722 15.0296
24.8737 16.4797
24.8747 17.9384
24.8822 19.2758
24.9022 20.3841
24.9386 21.1895
24.9931 21.6602
25.065 21.8088
25.1516 21.6885
25.248 21.3847
25.3487 21.0025
25.4478 20.6512
25.5398 20.4295
25.6208 20.4122
25.6884 20.6404
25.7426 21.1169
25.7852 21.8067
25.8199 22.6437
25.8513 23.5409
25.8845 24.4041
25.9243 25.1469
25.9742 25.7033
26.036 26.0386
26.1097 26.1551
26.1931 26.0918
26.2825 25.9195
26.3727 25.7307
26.4584 25.6256
26.5345 25.6974
26.5972 26.0181
26.6442 26.6269
26.6756 27.5235
26.6937 28.6673
26.7025 29.9821
26.7074 31.3669
26.7147 32.71
26.7299 33.9053
26.7577 34.8687
26.8008 35.5503
26.8596 35.9428
26.932 36.0838
27.0138 36.0501
27.0993 35.9477
27.1822 35.8953
27.2561 36.0068
27.3163 36.3729
27.3598 37.0465
27.3864 38.0326
27.3986 39.2853
27.4013 40.7122
27.4014 42.1862
27.4069 43.5622
27.4254 44.6973
27.4635 45.4714
27.5254 45.8049
27.6127 45.6709
27.7236 45.1001
27.8536 44.1775
27.9957 43.0314
28.1416 41.8152
28.2828 40.6865
28.4117 39.7836
28.523 39.2059
28.6142 38.9989
28.6862 39.1473
28.7429 39.5762
28.7912 40.1622
28.8393 40.7506
28.8962 41.1784
28.9697 41.2988
29.0657 41.0035
29.187 40.2403
29.333 39.0229
29.4992 37.4313
29.6782 35.6035
29.8604 33.7177
30.0351 31.9701
30.1921 30.5481
30.3232 29.6056
30.423 29.2414
30.4898 29.4849
30.5261 30.2908
30.5383 31.5431
30.5357 33.068
30.5297 34.6545
30.5326 36.0787
30.5556 37.1308
30.6081 37.639
30.6962 37.489
30.8224 36.637
30.9849 35.1132
31.1784 33.018
31.3944 30.5095
31.622 27.785
31.8496 25.0598
32.066 22.5431
32.2611 20.4175
32.4277 18.8203
32.5612 17.832
32.6608 17.4701
32.7289 17.6907
32.7707 18.3954
32.7939 19.4444
32.8074 20.6724
32.8205 21.9068
32.8421 22.9858
32.8793 23.7749
32.9374 24.1806
33.0185 24.1589
33.1223 23.7201
33.2453 22.9269
33.3815 21.8891
33.5231 20.7518
33.6611 19.6817
33.7862 18.8494
33.8899 18.4122
33.9654 18.4962
34.0082 19.1821
34.0172 20.4936
33.9943 22.3921
33.9451 24.7771
33.878 27.4928
33.8037 30.3417
33.7342 33.102
33.6816 35.5492
33.6571 37.4785
33.6695 38.7262
33.7245 39.187
33.8241 38.825
33.9663 37.6786
34.145 35.8561
34.3513 33.5243
34.574 30.8904
34.8009 28.1799
35.02 25.612
35.2211 23.3775
35.3963 21.6197
35.5412 20.4225
35.6546 19.8055
35.7388 19.7281
35.7987 20.0999
35.8409 20.7974
35.8729 21.6841
35.9017 22.6299
35.933 23.5288
35.9706 24.311
36.0161 24.9485
36.0687 25.4532
36.1262 25.8687
36.1852 26.2565
36.2423 26.6797
36.2948 27.1871
36.3416 27.8002
36.3834 28.5054
36.4229 29.2535
36.4643 29.9663
36.5127 30.5498
36.5731 30.9119
36.6493 30.9816
36.7431 30.727
36.8534 30.1687
36.9758 29.3855
37.1031 28.5116
37.2258 27.7243
37.3329 27.2242
37.4137 27.2091
37.4592 27.846
37.4635 29.2447
37.4247 31.4365
37.3462 34.3626
37.2361 37.8724
37.1068 41.7346
36.9743 45.6591
36.8555 49.3274
36.7676 52.4282
36.7248 54.6939
36.7377 55.933
36.8111 56.0542
36.9439 55.0794
37.1289 53.1429
37.3532 50.4783
37.6004 47.3925
37.8517 44.2314
38.0882 41.3418
38.2934 39.0323
38.4542 37.5401
38.5632 37.0058
38.6185 37.4611
38.6245 38.8276
38.5906 40.9295
38.5305 43.516
38.4602 46.2912
38.3962 48.948
38.3542 51.2
38.347 52.8101
38.3836 53.6112
38.4688 53.5167
38.6026 52.5223
38.7815 50.697
38.9985 48.1688
39.2446 45.1036
39.5098 41.6842
39.7846 38.0899
40.0601 34.4801
40.3296 30.9832
40.5879 27.6924
40.8318 24.6668
41.0597 21.9373
41.2708 19.5163
41.4651 17.4072
41.6423 15.6139
41.8018 14.1464
41.9426 13.0244
42.0632 12.2746
42.1621 11.9268
42.2378 12.0055
42.2898 12.5219
42.3187 13.466
42.3264 14.8009
42.3165 16.4609
42.294 18.353
42.2651 20.3631
42.2366 22.3653
42.2155 24.2327
42.2078 25.8503
42.2187 27.1257
42.2515 27.9984
42.3073 28.4448
42.3854 28.4801
42.483 28.1549
42.5959 27.5482
42.7187 26.7585
42.8456 25.8921
42.9712 25.0516
43.0905 24.3258
43.2 23.782
43.2974 23.4604
43.3821 23.3734
43.4549 23.5069
43.5177 23.825
43.5732 24.2769
43.6246 24.8046
43.675 25.3503
43.7272 25.864
43.7832 26.3082
43.844 26.6618
43.91 26.9205
43.9805 27.0963
44.0541 27.2145
44.129 27.3097
44.2029 27.4214
44.2738 27.5895
44.3397 27.8505
44.3989 28.2347
44.4502 28.7641
44.4929 29.452
44.5268 30.3031
44.5521 31.3143
44.5691 32.4764
44.5788 33.7748
44.5821 35.1912
44.5801 36.7041
44.5742 38.2894
44.5659 39.9202
44.5567 41.5674
44.5483 43.1988
44.5426 44.7801
44.5417 46.2749
44.5474 47.6466
44.5616 48.8598
44.5862 49.8828
44.6225 50.6895
44.6715 51.2628
44.7334 51.5959
44.8082 51.6937
44.8947 51.5733
44.9915 51.2631
45.0965 50.8007
45.2075 50.2301
45.3217 49.598
45.4369 48.9496
45.5507 48.3249
45.6616 47.7552
45.7684 47.2609
45.8706 46.8501
45.9686 46.5197
46.0628 46.2568
46.1544 46.0421
46.2446 45.8539
46.3344 45.6726
46.4247 45.4844
46.5155 45.2851
46.6065 45.0818
46.6967 44.8936
46.7844 44.7509
46.8676 44.6923
46.9439 44.7618
47.0107 45.0039
47.0661 45.4597
47.108 46.1619
47.1355 47.1318
47.1481 48.3762
47.1463 49.8857
47.1316 51.6346
47.1061 53.5809
47.0731 55.6685
47.036 57.8298
46.999 59.9883
46.9666 62.0633
46.9431 63.9742
46.9326 65.6447
46.9388 67.0086
46.9642 68.015
47.0108 68.632
47.0789 68.8519
47.1675 68.6936
47.274 68.2035
47.3946 67.4545
47.524 66.5428
47.6561 65.581
47.7844 64.6901
47.9024 63.9893
48.0044 63.5842
48.0859 63.5562
48.1444 63.9525
48.1796 64.78
48.1934 66.0015
48.1902 67.5387
48.1759 69.2782
48.1582 71.0828
48.1448 72.8071
48.1432 74.3136
48.1594 75.4904
48.1974 76.2653
48.2584 76.6172
48.3404 76.5805
48.4386 76.2433
48.546 75.7389
48.6535 75.2306
48.7518 74.8928
48.832 74.889
48.887 75.3509
48.9124 76.3605
48.9069 77.9374
48.8733 80.0345
48.8176 82.5407
48.7485 85.2921
48.6769 88.0902
48.6142 90.7243
48.5712 92.9957
48.5566 94.7407
48.5766 95.8491
48.6334 96.2772
48.7257 96.0512
48.8484 95.2635
48.9936 94.0605
49.1513 92.6243
49.3112 91.1511
49.4629 89.8272
49.598 88.8093
49.7107 88.2077
49.7978 88.0763
49.8597 88.4107
49.8994 89.1534
49.9225 90.2046
49.9356 91.4393
49.946 92.7245
49.9603 93.9373
49.9838 94.98
50.0199 95.7906
50.0698 96.3474
50.1324 96.6679
50.2051 96.8028
50.2839 96.8247
50.3644 96.8163
50.4422 96.8566
50.5139 97.0098
50.5773 97.317
50.6316 97.7918
50.6775 98.4207
50.7171 99.167
50.7532 99.978
50.7889 100.795
50.8274 101.561
50.8711 102.231
50.9216 102.777
50.979 103.194
51.0427 103.494
51.1111 103.71
51.1815 103.886
51.2514 104.072
51.3182 104.316
51.3796 104.66
51.434 105.132
51.4809 105.744
51.5204 106.491
51.5535 107.357
51.5819 108.31
51.6075 109.314
51.6325 110.329
51.6589 111.319
51.6884 112.251
51.7223 113.104
51.7611 113.864
51.805 114.531
51.8535 115.112
51.9058 115.623
51.9607 116.087
52.0168 116.527
52.0729 116.969
52.1277 117.433
52.1805 117.937
52.2306 118.488
52.2781 119.089
52.3233 119.731
52.3671 120.4
52.4104 121.078
52.4544 121.742
52.5001 122.374
52.5484 122.96
52.5995 123.494
52.653 123.984
52.7079 124.446
52.7626 124.913
52.8151 125.422
52.8628 126.017
52.9038 126.739
52.9359 127.621
52.9584 128.684
52.9709 129.929
52.9746 131.338
52.9715 132.872
52.9647 134.474
52.9578 136.078
52.9547 137.612
52.9591 139.009
52.9738 140.214
53.001 141.188
53.0416 141.916
53.0953 142.402
53.1607 142.671
53.2358 142.761
53.3183 142.716
53.4056 142.58
53.4958 142.393
53.5873 142.182
53.6789 141.967
53.7702 141.758
53.8608 141.563
53.9499 141.395
54.0364 141.275
54.1183 141.241
54.1926 141.346
54.2559 141.655
54.3042 142.239
54.3342 143.163
54.3433 144.472
54.3309 146.177
54.299 148.242
54.2522 150.584
54.1976 153.068
54.1447 155.521
54.1042 157.746
54.0865 159.549
54.1007 160.765
54.1526 161.283
54.2441 161.071
54.372 160.187
54.528 158.785
54.6995 157.096
54.8706 155.413
55.0245 154.049
55.1452 153.3
55.2199 153.397
55.2416 154.473
55.2101 156.531
55.1332 159.429
55.0258 162.886
54.9098 166.505
54.8109 169.807
54.7567 172.285
54.7729 173.462
54.881 172.944
55.095 170.47
55.4199 165.95
55.8505 159.478
56.372 151.33
56.9607 141.939
57.5871 131.855
58.218 121.686
58.8202 112.046
59.364 103.486
59.8252 96.4506
60.1877 91.2357
60.4446 87.9698
60.5982 86.6115
60.659 86.9661
60.6442 88.7167
60.5752 91.466
60.4755 94.7835
60.3677 98.2515
60.2713 101.506
60.2018 104.267
60.1684 106.359
60.175 107.714
60.2197 108.366
60.296 108.434
60.3942 108.099
60.5027 107.574
60.6098 107.074
60.7048 106.797
60.7794 106.896
60.8285 107.468
60.85 108.548
60.8455 110.107
60.8197 112.061
60.7795 114.279
60.7336 116.603
60.6912 118.863
60.6612 120.893
60.6513 122.552
60.6671 123.737
60.7117 124.392
60.785 124.515
60.8841 124.162
61.0035 123.435
61.1353 122.479
61.2702 121.465
61.3988 120.569
61.512 119.957
61.6026 119.761
61.666 120.067
61.7008 120.901
61.7089 122.229
61.6956 123.952
61.6687 125.925
61.638 127.969
61.6137 129.894
61.6054 131.523
61.6209 132.715
61.6647 133.384
61.738 133.508
61.838 133.137
61.9588 132.386
62.0912 131.418
62.2249 130.426
62.3493 129.607
62.4548 129.137
62.5343 129.147
62.584 129.706
62.604 130.813
62.598 132.4
62.5732 134.336
62.5386 136.451
62.5047 138.554
62.4814 140.461
62.477 142.018
62.4973 143.12
62.5446 143.724
62.6179 143.849
62.7126 143.578
62.8217 143.039
62.9368 142.392
63.0487 141.804
63.1489 141.43
63.2308 141.397
63.2898 141.783
63.3246 142.618
63.3364 143.877
63.3291 145.49
63.3084 147.348
63.2815 149.321
63.2557 151.275
63.2379 153.079
63.2339 154.629
63.248 155.847
63.282 156.695
63.3363 157.171
63.4087 157.31
63.4959 157.179
63.5927 156.868
63.6935 156.483
63.7923 156.137
63.8832 155.937
63.9609 155.98
64.0215 156.337
64.0627 157.054
64.0838 158.142
64.0862 159.573
64.0736 161.283
64.051 163.177
64.025 165.133
64.0031 167.015
63.9923 168.691
63.9992 170.041
64.0284 170.978
64.0823 171.46
64.1602 171.498
64.2586 171.159
64.371 170.562
64.4889 169.863
64.6026 169.241
64.7026 168.871
64.7811 168.899
64.8331 169.416
64.8577 170.438
64.8587 171.897
64.8447 173.632
64.8286 175.407
64.8264 176.924
64.8556 177.862
64.9332 177.907
65.0734 176.796
65.2859 174.35
65.5743 170.503
65.935 165.322
66.3574 159.001
66.8245 151.857
67.3141 144.295
67.8016 136.774
68.2616 129.76
68.6711 123.679
69.0115 118.873
69.2703 115.571
69.4428 113.866
69.5313 113.708
69.5456 114.921
69.5009 117.223
69.4162 120.262
69.3122 123.66
69.2085 127.051
69.122 130.123
69.0656 132.643
69.0464 134.473
69.0664 135.581
69.1223 136.025
69.2071 135.937
69.3108 135.5
69.4225 134.915
69.5319 134.372
69.6306 134.028
69.7126 133.991
69.7754 134.308
69.8196 134.969
69.8484 135.915
69.8668 137.051
69.8809 138.268
69.8964 139.459
69.918 140.538
69.9486 141.449
69.9891 142.178
70.0382 142.749
70.0928 143.218
70.1487 143.664
70.2011 144.173
70.2458 144.825
70.2795 145.678
70.301 146.759
70.3108 148.055
70.3118 149.514
70.3085 151.051
70.3068 152.559
70.3131 153.919
70.3333 155.024
70.3719 155.789
70.4311 156.171
70.5108 156.178
70.6076 155.868
70.7155 155.353
70.8264 154.783
70.9309 154.331
71.0197 154.168
71.085 154.439
71.1216 155.241
71.1279 156.602
71.1066 158.471
71.0651 160.715
71.0143 163.129
70.9679 165.462
70.9405 167.444
70.9458 168.825
70.994 169.411
71.0906 169.105
71.2346 167.924
71.4179 166.018
71.6258 163.655
71.8385 161.206
72.0328 159.097
72.1855 157.755
72.2765 157.552
72.2922 158.739
72.2281 161.4
72.0905 165.415
71.8978 170.451
71.6786 175.972
71.4706 181.289
71.3162 185.615
71.2589 188.152
71.3377 188.172
71.5836 185.111
72.0147 178.63
72.6344 168.669
73.4297 155.466
74.3726 139.538
75.4221 121.641
76.5283 102.699
77.6371 83.7103
78.6954 65.6529
79.6563 49.393
80.4832 35.6054
81.153 24.7197
81.6569 16.8956
82.0005 12.0292
82.202 9.7873
82.2885 9.66619
82.2928 11.0632
82.2488 13.3539
82.1874 15.9628
82.1343 18.4209
82.1069 20.4023
82.1146 21.738
82.1583 22.4071
82.2328 22.509
82.3283 22.2227
82.4334 21.7611
82.5369 21.3263
82.6306 21.0742
82.7096 21.092
82.7735 21.391
82.8251 21.9145
82.8703 22.5572
82.9159 23.193
82.9682 23.7037
83.0319 24.0048
83.1087 24.0639
83.1972 23.9068
83.2931 23.6134
83.3899 23.3029
83.4804 23.111
83.5574 23.1648
83.6161 23.5588
83.654 24.3357
83.6722 25.4774
83.6748 26.9051
83.669 28.4901
83.6632 30.073
83.6666 31.4878
83.687 32.5875
83.7302 33.2666
83.7988 33.4772
83.8919 33.2362
84.0051 32.6233
84.1314 31.769
84.262 30.8358
84.3876 29.9946
84.4997 29.4015
84.5919 29.1753
84.6607 29.3832
84.7056 30.032
84.7293 31.0697
84.7376 32.3935
84.7379 33.8658
84.7384 35.333
84.7473 36.6464
84.7712 37.6807
84.815 38.3493
84.8807 38.6127
84.9678 38.4819
85.0732 38.0139
85.1917 37.3029
85.317 36.467
85.4422 35.6339
85.5605 34.9261
85.6664 34.4481
85.7557 34.2775
85.8259 34.4592
85.8763 35.0042
85.9082 35.8926
85.9239 37.079
85.9269 38.5004
85.9211 40.0844
85.9105 41.7573
85.8988 43.4512
85.889 45.1086
85.8835 46.6858
85.8841 48.1528
85.8915 49.4926
85.9062 50.6982
85.9282 51.7691
85.9573 52.708
85.9935 53.5173
86.0367 54.1972
86.087 54.7445
86.1449 55.153
86.2107 55.4148
86.2849 55.523
86.3675 55.4744
86.4585 55.2722
86.5571 54.9278
86.6624 54.4617
86.7727 53.9029
86.8861 53.286
87.0007 52.648
87.1145 52.0236
87.2261 51.4401
87.3347 50.9134
87.44 50.4459
87.5428 50.0255
87.6443 49.628
87.7463 49.2225
87.8504 48.7774
87.958 48.2689
88.0695 47.6882
88.1842 47.0476
88.3001 46.3838
88.4141 45.7567
88.5218 45.245
88.6186 44.9366
88.6996 44.9175
88.7612 45.2578
88.801 45.9993
88.8189 47.1452
88.8172 48.6547
88.8003 50.4428
88.775 52.387
88.7492 54.3398
88.7314 56.1458
88.7292 57.6616
88.749 58.7749
88.794 59.4213
88.8645 59.5951
88.9577 59.3525
89.0673 58.8066
89.1848 58.1138
89.3005 57.4545
89.4047 57.0088
89.4888 56.9322
89.5471 57.3339
89.5769 58.2607
89.5795 59.6901
89.5597 61.5318
89.5255 63.6395
89.4868 65.8305
89.4542 67.9095
89.4375 69.695
89.4445 71.0433
89.4798 71.8665
89.5449 72.1432
89.637 71.9187
89.7508 71.2966
89.8781 70.423
90.01 69.4641
90.1378 68.5834
90.2537 67.9207
90.3524 67.5747
90.4314 67.5947
90.4906 67.9784
90.5326 68.6799
90.5616 69.6215
90.5825 70.7116
90.6002 71.8613
90.6186 72.9993
90.64 74.0819
90.665 75.0963
90.693 76.0564
90.7222 76.9946
90.7505 77.9475
90.7767 78.9421
90.8003 79.9838
90.8226 81.0481
90.8467 82.0795
90.877 82.997
90.9187 83.7054
90.9766 84.1122
91.0549 84.1444
91.1554 83.7658
91.2776 82.9882
91.4178 81.876
91.57 80.5434
91.7259 79.1425
91.8762 77.8452
92.0117 76.8209
92.1246 76.2135
92.2096 76.1218
92.2645 76.5849
92.2908 77.5765
92.2932 79.0089
92.2792 80.7452
92.2577 82.619
92.2381 84.4578
92.2287 86.1072
92.2358 87.4521
92.2628 88.4314
92.3096 89.0438
92.3732 89.3463
92.4481 89.4419
92.527 89.4622
92.6025 89.5453
92.6679 89.8143
92.7185 90.3582
92.7519 91.218
92.7689 92.3818
92.7728 93.7868
92.7692 95.3293
92.7652 96.8796
92.7682 98.3015
92.7849 99.4701
92.8205 100.289
92.8783 100.699
92.9589 100.688
93.0606 100.287
93.1797 99.5657
93.3111 98.619
93.4485 97.5587
93.5859 96.4985
93.7177 95.5433
93.839 94.7816
93.9461 94.2803
94.0368 94.0831
94.1098 94.2122
94.165 94.6701
94.2032 95.4433
94.2256 96.5051
94.2346 97.8172
94.2326 99.3307
94.2228 100.987
94.209 102.719
94.1952 104.452
94.1855 106.107
94.1842 107.609
94.1947 108.89
94.2199 109.903
94.2608 110.624
94.3171 111.062
94.3864 111.259
94.4648 111.289
94.5468 111.252
94.6264 111.261
94.6975 111.425
94.7552 111.837
94.7962 112.557
94.8198 113.597
94.8281 114.92
94.8258 116.441
94.8195 118.033
94.8176 119.545
94.8283 120.825
94.8588 121.738
94.9141 122.194
94.9961 122.159
95.1027 121.666
95.2287 120.818
95.3655 119.77
95.5025 118.719
95.6286 117.867
95.7337 117.404
95.81 117.472
95.8536 118.145
95.8646 119.417
95.8481 121.201
95.8126 123.331
95.7701 125.593
95.7335 127.745
95.7156 129.553
95.7269 130.822
95.7743 131.423
95.8603 131.312
95.9823 130.537
96.1332 129.229
96.3021 127.588
96.4762 125.851
96.6423 124.262
96.7885 123.041
96.906 122.348
96.9903 122.269
97.0413 122.803
97.0638 123.866
97.0658 125.306
97.058 126.925
97.0518 128.518
97.0573 129.893
97.0821 130.911
97.1302 131.5
97.2012 131.667
97.2905 131.495
97.3902 131.132
97.4903 130.761
97.5803 130.578
97.6508 130.752
97.6954 131.406
97.7112 132.591
97.6998 134.279
97.6668 136.364
97.6212 138.682
97.574 141.031
97.5365 143.201
97.5184 145.011
97.5268 146.333
97.5644 147.115
97.6298 147.385
97.7171 147.251
97.8169 146.885
97.9183 146.491
98.0099 146.277
98.0821 146.421
98.1286 147.038
98.1476 148.165
98.142 149.746
98.1189 151.648
98.0894 153.671
98.0657 155.584
98.0602 157.163
98.0828 158.223
98.1394 158.654
98.231 158.441
98.3525 157.674
98.4943 156.533
98.6426 155.272
98.7821 154.175
98.898 153.512
98.9787 153.5
99.0179 154.254
99.0159 155.766
98.9809 157.89
98.9277 160.349
98.8768 162.764
98.8523 164.695
98.8782 165.692
98.9764 165.356
99.1629 163.391
99.4459 159.645
99.8242 154.139
100.287 147.072
100.815 138.802
101.382 129.814
101.957 120.67
102.51 111.945
103.011 104.17
103.438 97.7772
103.773 93.0579
104.011 90.1385
104.154 88.9772
104.213 89.3797
104.203 91.0314
104.147 93.5419
104.067 96.4946
103.985 99.4952
103.917 102.213
103.878 104.411
103.874 105.96
103.907 106.838
103.972 107.119
104.061 106.943
104.166 106.49
104.275 105.948
104.381 105.479
104.475 105.205
104.556 105.192
104.622 105.448
104.676 105.931
104.722 106.562
104.765 107.244
104.811 107.88
104.863 108.392
104.925 108.729
104.996 108.878
105.077 108.861
105.165 108.73
105.254 108.559
105.341 108.431
105.421 108.424
105.491 108.604
105.549 109.018
105.593 109.684
105.623 110.597
105.642 111.73
105.651 113.034
105.655 114.45
105.656 115.908
105.658 117.336
105.666 118.665
105.683 119.831
105.712 120.777
105.755 121.46
105.814 121.853
105.889 121.943
105.98 121.742
106.085 121.281
106.201 120.613
106.324 119.81
106.451 118.958
106.574 118.152
106.69 117.483
106.795 117.031
106.885 116.854
106.958 116.984
107.014 117.418
107.056 118.122
107.087 119.033
107.11 120.071
107.132 121.145
107.157 122.17
107.187 123.079
107.227 123.828
107.275 124.407
107.332 124.834
107.395 125.155
107.46 125.432
107.524 125.731
107.583 126.109
107.636 126.605
107.682 127.233
107.722 127.975
107.758 128.791
107.793 129.623
107.831 130.407
107.874 131.088
107.924 131.629
107.983 132.023
108.048 132.293
108.118 132.491
108.187 132.689
108.252 132.965
108.309 133.392
108.355 134.021
108.389 134.873
108.411 135.933
108.425 137.152
108.435 138.456
108.444 139.757
108.458 140.975
108.48 142.044
108.512 142.932
108.554 143.645
108.602 144.221
108.655 144.724
108.708 145.228
108.757 145.8
108.8 146.476
108.838 147.254
108.873 148.083
108.91 148.871
108.957 149.497
109.018 149.836
109.101 149.786
109.207 149.296
109.336 148.393
109.482 147.189
109.632 145.886
109.774 144.753
109.889 144.093
109.964 144.201
109.984 145.304
109.944 147.519
109.846 150.805
109.702 154.943
109.533 159.53
109.37 164.01
109.25 167.715
109.209 169.936
109.286 170.005
109.508 167.374
109.896 161.689
110.455 152.849
111.176 141.026
112.033 126.669
112.991 110.463
114.003 93.2681
115.017 76.0333
115.981 59.7021
116.851 45.1192
117.591 32.9501
118.176 23.6227
118.599 17.2989
118.864 13.8768
118.99 13.0229
119.005 14.2286
118.941 16.8818
118.834 20.3443
118.714 24.0236
118.61 27.4319
118.539 30.2238
118.511 32.2114
118.529 33.3569
118.588 33.7454
118.679 33.5457
118.79 32.9654
118.911 32.2081
119.033 31.4398
119.149 30.7679
119.258 30.2348
119.36 29.8263
119.458 29.4895
119.556 29.1574
119.657 28.7742
119.762 28.315
119.87 27.798
119.978 27.2856
120.08 26.8755
120.171 26.683
120.243 26.819
120.293 27.3671
120.319 28.3649
120.322 29.7925
120.306 31.5711
120.277 33.571
120.246 35.629
120.221 37.5704
120.211 39.2341
120.222 40.4948
120.26 41.2794
120.324 41.5751
120.412 41.4285
120.519 40.935
120.637 40.2217
120.76 39.4267
120.881 38.6771
120.994 38.0715
121.096 37.667
121.186 37.4753
121.267 37.4653
121.341 37.5733
121.413 37.7186
121.487 37.8197
121.568 37.8109
121.656 37.6543
121.753 37.3474
121.856 36.9231
121.962 36.4445
122.066 35.9945
122.164 35.6629
122.251 35.5321
122.324 35.6654
122.381 36.0986
122.421 36.8359
122.446 37.8507
122.459 39.0912
122.463 40.488
122.463 41.964
122.463 43.4435
122.466 44.8598
122.476 46.1601
122.493 47.3079
122.521 48.2815
122.558 49.0723
122.605 49.6806
122.662 50.1127
122.727 50.3776
122.801 50.4867
122.883 50.4541
122.972 50.2983
123.065 50.0441
123.163 49.7247
123.261 49.3818
123.358 49.0644
123.451 48.825
123.537 48.715
123.614 48.778
123.68 49.0436
123.734 49.5225
123.777 50.2029
123.811 51.0505
123.839 52.0112
123.864 53.0165
123.892 53.9914
123.924 54.8635
123.966 55.5715
124.019 56.073
124.084 56.3496
124.161 56.4088
124.247 56.2834
124.341 56.0272
124.439 55.7091
124.535 55.4048
124.627 55.1897
124.71 55.13
124.782 55.2773
124.841 55.6632
124.887 56.2967
124.92 57.164
124.942 58.229
124.957 59.4368
124.967 60.7169
124.978 61.9887
124.995 63.1665
125.021 64.1661
125.06 64.9111
125.117 65.3391
125.193 65.4094
125.29 65.1075
125.405 64.4506
125.537 63.49
125.681 62.3103
125.831 61.0262
125.978 59.7751
126.116 58.7061
126.237 57.9661
126.332 57.6848
126.397 57.9586
126.429 58.8374
126.429 60.3143
126.401 62.3212
126.35 64.7314
126.287 67.3681
126.224 70.0208
126.171 72.4656
126.141 74.4893
126.144 75.9131
126.186 76.6137
126.27 76.5388
126.395 75.7148
126.555 74.2458
126.74 72.3027
126.939 70.1061
127.138 67.9012
127.325 65.931
127.488 64.4103
127.617 63.5027
127.708 63.3038
127.759 63.8337
127.774 65.0381
127.758 66.7979
127.722 68.9463
127.675 71.2906
127.628 73.6354
127.59 75.8046
127.57 77.6601
127.571 79.1125
127.596 80.1267
127.644 80.719
127.712 80.9481
127.794 80.9016
127.886 80.6802
127.982 80.3826
128.078 80.0915
128.17 79.8654
128.258 79.7334
128.34 79.6966
128.418 79.7337
128.494 79.8082
128.57 79.8796
128.648 79.9121
128.73 79.8826
128.815 79.7851
128.903 79.632
128.993 79.4518
129.082 79.2839
129.168 79.1717
129.249 79.1552
129.323 79.2646
129.389 79.5163
129.448 79.91
129.5 80.4308
129.546 81.0521
129.589 81.7411
129.63 82.4653
129.67 83.1979
129.711 83.9226
129.752 84.6357
129.794 85.3458
129.834 86.0713
129.873 86.8351
129.908 87.66
129.94 88.5618
129.966 89.545
129.989 90.6001
130.009 91.7022
130.029 92.8142
130.051 93.8901
130.077 94.8815
130.11 95.7439
130.153 96.4432
130.205 96.9598
130.267 97.2919
130.338 97.4546
130.417 97.4782
130.501 97.4022
130.588 97.2701
130.676 97.1226
130.763 96.9916
130.848 96.8967
130.931 96.8431
131.012 96.823
131.092 96.8191
131.173 96.8101
131.255 96.7776
131.338 96.7125
131.423 96.6203
131.508 96.524
131.592 96.464
131.67 96.4949
131.74 96.6794
131.798 97.0798
131.842 97.7485
131.869 98.7188
131.88 99.9971
131.876 101.559
131.859 103.347
131.834 105.276
131.808 107.239
131.786 109.116
131.776 110.79
131.782 112.157
131.808 113.137
131.859 113.686
131.933 113.796
132.029 113.5
132.143 112.868
132.27 111.996
132.404 110.997
132.539 109.992
132.667 109.095
132.785 108.404
132.887 107.993
132.972 107.908
133.038 108.164
133.086 108.753
133.118 109.64
133.136 110.779
133.144 112.11
133.145 113.575
133.142 115.113
133.137 116.671
133.134 118.202
133.135 119.664
133.141 121.021
133.155 122.243
133.178 123.301
133.211 124.175
133.254 124.848
133.309 125.313
133.375 125.575
133.451 125.655
133.534 125.586
133.623 125.422
133.714 125.225
133.802 125.069
133.885 125.026
133.957 125.162
134.018 125.524
134.064 126.137
134.098 126.995
134.12 128.062
134.135 129.271
134.146 130.532
134.161 131.743
134.184 132.798
134.22 133.605
134.274 134.09
134.347 134.218
134.439 133.989
134.549 133.445
134.671 132.664
134.8 131.754
134.93 130.84
135.052 130.052
135.162 129.511
135.253 129.313
135.321 129.525
135.366 130.176
135.388 131.252
135.389 132.705
135.374 134.452
135.349 136.389
135.32 138.397
135.294 140.358
135.277 142.157
135.273 143.697
135.288 144.901
135.324 145.72
135.382 146.131
135.461 146.139
135.561 145.774
135.678 145.091
135.808 144.163
135.947 143.082
136.088 141.947
136.227 140.866
136.357 139.942
136.473 139.271
136.571 138.936
136.648 138.995
136.702 139.482
136.732 140.398
136.741 141.713
136.731 143.367
136.708 145.272
136.677 147.324
136.644 149.408
136.616 151.41
136.597 153.228
136.593 154.784
136.606 156.022
136.637 156.923
136.686 157.497
136.751 157.781
136.828 157.836
136.913 157.733
137.003 157.549
137.094 157.355
137.182 157.209
137.265 157.153
137.342 157.21
137.412 157.385
137.477 157.67
137.536 158.046
137.592 158.491
137.646 158.981
137.698 159.496
137.749 160.021
137.801 160.542
137.854 161.051
137.907 161.541
137.962 162.002
138.019 162.426
138.078 162.807
138.14 163.139
138.205 163.425
138.271 163.678
138.338 163.923
138.403 164.198
138.464 164.551
138.518 165.036
138.562 165.705
138.593 166.598
138.611 167.737
138.617 169.118
138.611 170.703
138.597 172.429
138.581 174.203
138.568 175.92
138.564 177.471
138.574 178.761
138.602 179.721
138.65 180.32
138.716 180.569
138.799 180.523
138.892 180.272
138.991 179.929
139.088 179.609
139.179 179.418
139.258 179.43
139.325 179.68
139.379 180.156
139.424 180.804
139.464 181.537
139.505 182.255
139.552 182.858
139.61 183.271
139.68 183.456
139.762 183.426
139.852 183.237
139.945 182.989
140.035 182.803
140.115 182.804
140.18 183.095
140.225 183.741
140.25 184.751
140.258 186.076
140.255 187.611
140.248 189.214
140.246 190.727
140.257 192.002
140.287 192.925
140.339 193.44
140.413 193.554
140.505 193.343
140.607 192.936
140.711 192.49
140.808 192.168
140.892 192.105
140.957 192.384
141.002 193.018
141.032 193.949
141.052 195.06
141.07 196.196
141.096 197.198
141.136 197.937
141.193 198.352
141.267 198.468
141.351 198.402
141.433 198.356
141.501 198.581
141.54 199.336
141.539 200.829
141.493 203.161
141.404 206.281
141.285 209.956
141.158 213.766
141.056 217.127
141.016 219.346
141.077 219.689
141.277 217.477
141.645 212.174
142.196 203.469
142.933 191.34
143.84 176.08
144.884 158.294
146.017 138.847
147.184 118.793
148.321 99.2685
149.371 81.3743
150.28 66.065
151.011 54.0501
151.542 45.7251
151.871 41.1398
152.012 40.0068
151.998 41.7486
151.87 45.5778
151.678 50.5977
151.47 55.9112
151.29 60.7231
151.169 64.4241
151.129 66.6453
151.175 67.2789
151.299 66.4639
151.483 64.5405
151.702 61.9822
151.926 59.3153
152.129 57.0378
152.29 55.5504
152.394 55.1047
152.438 55.7797
152.425 57.482
152.37 59.9736
152.291 62.9163
152.208 65.9282
152.141 68.6428
152.106 70.7591
152.115 72.0806
152.17 72.5336
152.27 72.1677
152.406 71.1372
152.565 69.6682
152.735 68.0195
152.9 66.4415
153.051 65.1403
153.179 64.2529
153.281 63.8355
153.36 63.8655
153.418 64.2565
153.465 64.882
153.506 65.6032
153.548 66.2957
153.597 66.8713
153.654 67.2902
153.719 67.5637
153.789 67.7463
153.86 67.9204
153.926 68.1754
153.984 68.5874
154.031 69.2015
154.066 70.0204
154.093 71.0022
154.115 72.0671
154.139 73.1106
154.169 74.0237
154.212 74.7137
154.27 75.123
154.343 75.2431
154.43 75.12
154.525 74.8508
154.62 74.5713
154.707 74.4362
154.779 74.5955
154.827 75.1701
154.85 76.2311
154.846 77.7853
154.818 79.7705
154.774 82.0603
154.723 84.4786
154.676 86.822
154.644 88.8867
154.637 90.496
154.661 91.5243
154.72 91.9149
154.813 91.688
154.933 90.9384
155.074 89.8227
155.223 88.5389
155.37 87.2992
155.504 86.3026
155.617 85.709
155.702 85.6187
155.758 86.0616
155.787 86.9953
155.796 88.3135
155.792 89.8634
155.785 91.4686
155.784 92.9548
155.798 94.174
155.832 95.0246
155.888 95.464
155.966 95.5121
156.06 95.2453
156.165 94.7836
156.273 94.2704
156.376 93.8502
156.467 93.647
156.541 93.7461
156.598 94.1818
156.637 94.9344
156.663 95.934
156.681 97.0728
156.699 98.2223
156.723 99.253
156.76 100.053
156.813 100.546
156.885 100.698
156.974 100.522
157.079 100.075
157.193 99.4467
157.311 98.7435
157.427 98.0733
157.537 97.5285
157.636 97.1743
157.723 97.0403
157.799 97.1198
157.865 97.3741
157.925 97.7422
157.983 98.1548
158.041 98.5476
158.104 98.8751
158.17 99.1192
158.241 99.2944
158.313 99.4465
158.382 99.6456
158.444 99.9749
158.495 100.517
158.53 101.339
158.548 102.481
158.549 103.947
158.534 105.703
158.507 107.675
158.474 109.762
158.441 111.846
158.415 113.804
158.402 115.527
158.406 116.929
158.43 117.958
158.475 118.602
158.54 118.887
158.621 118.869
158.714 118.628
158.814 118.256
158.916 117.841
159.017 117.461
159.113 117.172
159.202 117.007
159.283 116.973
159.359 117.06
159.429 117.242
159.495 117.49
159.56 117.779
159.623 118.093
159.684 118.43
159.744 118.804
159.801 119.235
159.853 119.751
159.899 120.375
159.939 121.117
159.973 121.969
160.002 122.899
160.031 123.856
160.061 124.766
160.099 125.549
160.148 126.121
160.212 126.413
160.294 126.38
160.394 126.009
160.511 125.328
160.641 124.4
160.779 123.328
160.918 122.237
161.051 121.264
161.17 120.541
161.27 120.18
161.346 120.261
161.395 120.816
161.421 121.83
161.424 123.238
161.412 124.935
161.392 126.785
161.372 128.639
161.359 130.349
161.361 131.791
161.382 132.874
161.426 133.551
161.491 133.825
161.575 133.745
161.674 133.4
161.781 132.905
161.889 132.388
161.991 131.969
162.083 131.749
162.161 131.794
162.222 132.133
162.269 132.748
162.304 133.587
162.331 134.564
162.356 135.582
162.384 136.539
162.42 137.35
162.467 137.954
162.527 138.328
162.598 138.487
162.679 138.483
162.763 138.397
162.847 138.33
162.924 138.383
162.99 138.647
163.04 139.186
163.075 140.026
163.094 141.153
163.1 142.512
163.099 144.012
163.096 145.54
163.098 146.977
163.112 148.212
163.14 149.159
163.187 149.772
163.252 150.052
163.332 150.043
163.424 149.836
163.519 149.547
163.612 149.308
163.696 149.244
163.764 149.455
163.815 149.999
163.847 150.883
163.863 152.059
163.869 153.428
163.872 154.851
163.881 156.169
163.903 157.226
163.947 157.89
164.017 158.073
164.115 157.75
164.238 156.961
164.38 155.814
164.533 154.468
164.686 153.12
164.828 151.975
164.949 151.223
165.04 151.012
165.098 151.426
165.121 152.476
165.113 154.098
165.081 156.157
165.036 158.47
164.989 160.823
164.95 163.007
164.931 164.839
164.938 166.19
164.974 166.994
165.04 167.263
165.13 167.075
165.238 166.562
165.354 165.891
165.469 165.239
165.575 164.76
165.666 164.573
165.736 164.74
165.788 165.262
165.824 166.08
165.849 167.094
165.871 168.173
165.896 169.188
165.93 170.026
165.978 170.617
166.041 170.941
166.116 171.034
166.198 170.984
166.282 170.912
166.36 170.956
166.424 171.245
166.47 171.879
166.494 172.908
166.498 174.322
166.484 176.051
166.46 177.97
166.434 179.916
166.417 181.711
166.417 183.183
166.443 184.198
166.497 184.673
166.581 184.591
166.693 184.003
166.826 183.025
166.971 181.82
167.119 180.579
167.257 179.495
167.378 178.743
167.474 178.454
167.54 178.703
167.577 179.504
167.586 180.81
167.574 182.52
167.546 184.497
167.514 186.582
167.483 188.614
167.464 190.45
167.462 191.971
167.48 193.099
167.523 193.791
167.589 194.048
167.677 193.902
167.783 193.414
167.904 192.665
168.034 191.751
168.167 190.772
168.298 189.831
168.421 189.028
168.532 188.453
168.627 188.184
168.702 188.28
168.755 188.777
168.786 189.678
168.797 190.956
168.79 192.547
168.773 194.355
168.75 196.257
168.729 198.117
168.718 199.797
168.723 201.179
168.749 202.177
168.798 202.75
168.869 202.914
168.958 202.739
169.06 202.342
169.165 201.873
169.266 201.49
169.354 201.338
169.424 201.526
169.473 202.105
169.501 203.061
169.513 204.314
169.516 205.732
169.519 207.151
169.531 208.406
169.56 209.36
169.609 209.932
169.679 210.118
169.765 209.999
169.86 209.729
169.951 209.517
170.027 209.594
170.076 210.166
170.091 211.378
170.068 213.279
170.011 215.798
169.931 218.748
169.844 221.838
169.768 224.718
169.723 227.024
169.726 228.442
169.789 228.766
169.913 227.941
170.094 226.091
170.313 223.515
170.548 220.66
170.769 218.061
170.946 216.267
171.054 215.752
171.075 216.831
171.006 219.589
170.856 223.839
170.65 229.112
170.428 234.689
170.238 239.667
170.135 243.055
170.169 243.896
170.385 241.382
170.813 234.965
171.463 224.441
172.326 209.993
173.37 192.189
174.547 171.938
175.794 150.401
177.041 128.873
178.216 108.651
179.258 90.8966
180.117 76.5248
180.761 66.1132
181.179 59.8592
181.383 57.5789
181.4 58.7501
181.271 62.5909
181.05 68.1641
180.787 74.4918
180.532 80.6655
180.327 85.9401
180.198 89.7987
180.159 91.984
180.211 92.4951
180.343 91.5519
180.532 89.5362
180.754 86.9178
180.982 84.1792
181.194 81.7462
181.372 79.9364
181.507 78.928
181.596 78.753
181.646 79.3123
181.666 80.4074
181.672 81.7841
181.676 83.178
181.692 84.3567
181.729 85.1522
181.792 85.4785
181.879 85.3367
181.988 84.8037
182.111 84.0119
182.239 83.1225
182.364 82.2973
182.478 81.6739
182.576 81.3481
182.655 81.3645
182.716 81.7169
182.761 82.3568
182.795 83.2068
182.822 84.1775
182.848 85.1834
182.875 86.1557
182.907 87.0503
182.943 87.8494
182.985 88.5588
183.03 89.2006
183.078 89.8034
183.126 90.3931
183.174 90.9853
183.221 91.5809
183.27 92.1659
183.32 92.7146
183.374 93.1958
183.433 93.5809
183.498 93.8514
183.57 94.0049
183.647 94.0585
183.728 94.048
183.809 94.0247
183.888 94.0481
183.961 94.1777
184.025 94.4638
184.079 94.94
184.123 95.6169
184.156 96.4803
184.181 97.4917
184.202 98.593
184.221 99.713
184.243 100.776
184.273 101.712
184.312 102.462
184.364 102.987
184.428 103.27
184.506 103.319
184.594 103.164
184.691 102.852
184.793 102.444
184.897 102.007
184.998 101.608
185.095 101.308
185.183 101.158
185.261 101.196
185.327 101.446
185.382 101.916
185.424 102.604
185.456 103.492
185.479 104.556
185.493 105.764
185.502 107.08
185.507 108.461
185.511 109.865
185.516 111.249
185.525 112.569
185.539 113.783
185.561 114.854
185.592 115.747
185.635 116.436
185.69 116.907
185.756 117.153
185.835 117.185
185.923 117.025
186.02 116.712
186.123 116.296
186.228 115.839
186.331 115.405
186.43 115.062
186.52 114.87
186.6 114.876
186.667 115.113
186.721 115.589
186.763 116.291
186.795 117.186
186.819 118.218
186.839 119.317
186.86 120.408
186.886 121.412
186.92 122.261
186.965 122.897
187.024 123.285
187.097 123.41
187.184 123.282
187.283 122.931
187.392 122.406
187.507 121.766
187.624 121.076
187.741 120.401
187.853 119.796
187.96 119.306
188.059 118.96
188.149 118.771
188.231 118.737
188.305 118.844
188.373 119.07
188.436 119.387
188.495 119.77
188.552 120.198
188.607 120.659
188.66 121.147
188.712 121.666
188.762 122.227
188.808 122.842
188.851 123.525
188.89 124.285
188.925 125.12
188.956 126.023
188.985 126.973
189.012 127.939
189.041 128.885
189.073 129.771
189.11 130.56
189.154 131.225
189.206 131.754
189.264 132.15
189.328 132.441
189.396 132.674
189.463 132.911
189.526 133.227
189.58 133.697
189.623 134.39
189.651 135.354
189.663 136.613
189.659 138.152
189.643 139.923
189.619 141.839
189.594 143.786
189.574 145.629
189.567 147.228
189.581 148.455
189.62 149.21
189.688 149.433
189.785 149.118
189.909 148.314
190.053 147.124
190.21 145.698
190.371 144.213
190.524 142.857
190.661 141.805
190.774 141.2
190.858 141.131
190.911 141.623
190.937 142.634
190.94 144.054
190.929 145.722
190.916 147.443
190.911 149.013
190.924 150.243
190.964 150.982
191.036 151.142
191.139 150.703
191.273 149.721
191.429 148.318
191.598 146.675
191.768 145.003
191.929 143.522
192.067 142.435
192.176 141.907
192.249 142.042
192.283 142.878
192.282 144.383
192.249 146.46
192.194 148.963
192.125 151.714
192.053 154.521
191.987 157.205
191.937 159.61
191.908 161.616
191.905 163.153
191.929 164.194
191.978 164.752
192.052 164.876
192.145 164.637
192.253 164.12
192.371 163.414
192.495 162.604
192.62 161.772
192.742 160.989
192.859 160.322
192.965 159.829
193.06 159.563
193.139 159.571
193.202 159.889
193.247 160.538
193.274 161.521
193.284 162.813
193.28 164.361
193.267 166.08
193.25 167.861
193.238 169.572
193.236 171.076
193.253 172.246
193.293 172.977
193.361 173.205
193.456 172.92
193.577 172.169
193.717 171.059
193.868 169.747
194.02 168.423
194.161 167.293
194.281 166.549
194.372 166.349
194.428 166.796
194.447 167.92
194.432 169.675
194.389 171.943
194.328 174.546
194.261 177.268
194.199 179.883
194.155 182.182
194.136 183.998
194.149 185.23
194.196 185.853
194.272 185.918
194.372 185.546
194.487 184.91
194.605 184.209
194.716 183.641
194.81 183.376
194.881 183.534
194.927 184.17
194.947 185.268
194.947 186.746
194.934 188.47
194.916 190.276
194.903 191.991
194.904 193.462
194.923 194.575
194.966 195.271
195.03 195.55
195.115 195.474
195.212 195.148
195.316 194.708
195.418 194.295
195.512 194.039
195.593 194.034
195.657 194.327
195.705 194.916
195.74 195.744
195.767 196.717
195.793 197.715
195.825 198.614
195.867 199.303
195.926 199.701
196.002 199.768
196.096 199.511
196.204 198.985
196.323 198.277
196.445 197.5
196.564 196.774
196.675 196.21
196.772 195.893
196.853 195.876
196.917 196.171
196.965 196.755
197.001 197.57
197.029 198.54
197.053 199.576
197.077 200.597
197.106 201.536
197.142 202.348
197.186 203.016
197.238 203.546
197.295 203.965
197.356 204.312
197.419 204.625
197.482 204.939
197.544 205.275
197.604 205.64
197.663 206.024
197.723 206.408
197.783 206.77
197.845 207.095
197.91 207.379
197.976 207.64
198.041 207.916
198.102 208.267
198.155 208.764
198.196 209.479
198.222 210.475
198.231 211.79
198.222 213.428
198.198 215.346
198.164 217.462
198.125 219.652
198.091 221.766
198.069 223.642
198.068 225.129
198.095 226.108
198.154 226.505
198.244 226.311
198.364 225.583
198.506 224.442
198.661 223.059
198.818 221.639
198.965 220.392
199.093 219.51
199.193 219.143
199.26 219.375
199.295 220.219
199.299 221.613
199.281 223.43
199.249 225.495
199.214 227.612
199.187 229.59
199.176 231.268
199.187 232.536
199.223 233.349
199.283 233.729
199.362 233.751
199.453 233.536
199.55 233.217
199.646 232.923
199.736 232.751
199.816 232.75
199.887 232.92
199.951 233.209
200.013 233.533
200.079 233.799
200.152 233.93
200.234 233.893
200.323 233.719
200.415 233.511
200.499 233.438
200.563 233.717
200.597 234.576
200.588 236.211
200.531 238.741
200.426 242.158
200.282 246.301
200.116 250.839
199.956 255.276
199.835 258.987
199.791 261.271
199.863 261.421
200.084 258.808
200.481 252.96
201.066 243.632
201.838 230.859
202.779 214.97
203.855 196.586
205.02 176.567
206.217 155.944
207.387 135.821
208.472 117.274
209.421 101.241
210.194 88.4343
210.771 79.2753
211.144 73.8592
211.327 71.9571
211.348 73.0531
211.246 76.4122
211.068 81.169
210.863 86.4271
210.676 91.3578
210.543 95.2841
210.49 97.7433
210.528 98.5196
210.655 97.6464
210.858 95.3771
211.114 92.1338
211.394 88.4367
211.67 84.8295
211.914 81.8069
212.105 79.7544
212.231 78.908
212.288 79.3356
212.28 80.9436
212.222 83.5019
212.129 86.6872
212.023 90.1326
211.921 93.4794
211.842 96.423
211.796 98.7468
211.79 100.341
211.823 101.204
211.891 101.431
211.984 101.188
212.091 100.682
212.201 100.123
212.304 99.7003
212.392 99.5514
212.461 99.7539
212.511 100.321
212.543 101.208
212.562 102.328
212.575 103.571
212.587 104.825
212.604 105.988
212.63 106.989
212.666 107.787
212.714 108.376
212.773 108.772
212.84 109.012
212.913 109.133
212.991 109.171
213.073 109.149
213.157 109.073
213.244 108.941
213.335 108.741
213.43 108.464
213.529 108.114
213.63 107.712
213.733 107.303
213.832 106.951
213.923 106.737
214.003 106.745
214.066 107.052
214.111 107.708
214.136 108.728
214.142 110.081
214.135 111.688
214.121 113.428
214.108 115.147
214.105 116.677
214.121 117.857
214.163 118.557
214.236 118.692
214.34 118.243
214.473 117.26
214.629 115.859
214.798 114.215
214.969 112.54
215.129 111.057
215.268 109.978
215.375 109.474
215.446 109.654
215.477 110.553
215.472 112.126
215.436 114.252
215.381 116.752
215.317 119.404
215.258 121.979
215.214 124.26
215.196 126.072
215.21 127.3
215.257 127.906
215.336 127.924
215.441 127.462
215.563 126.683
215.692 125.784
215.815 124.977
215.924 124.456
216.008 124.381
216.062 124.859
216.084 125.931
216.075 127.57
216.04 129.688
215.987 132.144
215.926 134.759
215.866 137.34
215.818 139.695
215.792 141.654
215.795 143.084
215.83 143.9
215.901 144.071
216.005 143.624
216.139 142.634
216.296 141.222
216.467 139.539
216.644 137.751
216.817 136.028
216.978 134.524
217.121 133.367
217.24 132.647
217.333 132.407
217.4 132.643
217.445 133.303
217.471 134.297
217.486 135.501
217.496 136.78
217.51 137.994
217.535 139.022
217.574 139.769
217.632 140.185
217.707 140.266
217.799 140.057
217.901 139.646
218.008 139.152
218.112 138.713
218.205 138.465
218.282 138.522
218.338 138.967
218.371 139.829
218.383 141.089
218.377 142.671
218.361 144.456
218.341 146.296
218.327 148.029
218.327 149.501
218.348 150.588
218.395 151.208
218.468 151.332
218.567 150.987
218.687 150.251
218.821 149.244
218.963 148.108
219.103 146.99
219.236 146.025
219.354 145.316
219.455 144.928
219.538 144.88
219.603 145.147
219.655 145.673
219.697 146.379
219.733 147.182
219.768 148.008
219.805 148.804
219.845 149.547
219.887 150.245
219.93 150.933
219.97 151.662
220.006 152.488
220.033 153.455
220.052 154.587
220.062 155.876
220.066 157.277
220.068 158.716
220.074 160.096
220.088 161.31
220.116 162.26
220.163 162.872
220.23 163.112
220.317 162.992
220.419 162.574
220.532 161.965
220.648 161.306
220.758 160.749
220.855 160.444
220.931 160.513
220.983 161.033
221.009 162.026
221.012 163.448
220.997 165.2
220.973 167.131
220.948 169.063
220.933 170.808
220.938 172.196
220.97 173.093
221.032 173.421
221.125 173.169
221.248 172.391
221.392 171.204
221.55 169.769
221.711 168.275
221.864 166.912
222.002 165.853
222.116 165.228
222.202 165.12
222.258 165.547
222.288 166.475
222.295 167.819
222.286 169.463
222.268 171.276
222.248 173.129
222.231 174.915
222.222 176.558
222.223 178.019
222.234 179.294
222.253 180.41
222.279 181.41
222.309 182.341
222.34 183.241
222.372 184.129
222.405 185
222.44 185.824
222.481 186.554
222.529 187.135
222.588 187.517
222.66 187.671
222.744 187.597
222.839 187.329
222.94 186.937
223.043 186.515
223.141 186.172
223.23 186.013
223.304 186.119
223.362 186.533
223.403 187.251
223.431 188.216
223.45 189.33
223.469 190.463
223.494 191.478
223.532 192.257
223.587 192.718
223.66 192.839
223.75 192.664
223.849 192.301
223.951 191.905
224.044 191.657
224.12 191.727
224.172 192.245
224.197 193.264
224.197 194.75
224.178 196.566
224.154 198.491
224.139 200.248
224.149 201.544
224.197 202.122
224.294 201.815
224.44 200.588
224.63 198.566
224.847 196.038
225.068 193.433
225.265 191.277
225.408 190.117
225.47 190.439
225.434 192.582
225.293 196.659
225.057 202.501
224.75 209.636
224.415 217.298
224.106 224.487
223.884 230.055
223.814 232.826
223.954 231.727
224.348 225.918
225.025 214.904
225.988 198.611
227.216 177.422
228.664 152.161
230.268 124.027
231.949 94.4841
233.62 65.121
235.196 37.4982
236.604 12.996
237.784 -7.31541
238.701 -22.7694
239.344 -33.1492
239.723 -38.6837
239.874 -39.9933
239.846 -37.9953
239.698 -33.7814
239.491 -28.4829
239.281 -23.1414
239.115 -18.6003
239.024 -15.429
239.02 -13.8881
239.103 -13.9364
239.255 -15.2764
239.452 -17.4297
239.662 -19.8292
239.855 -21.9159
240.006 -23.2257
240.099 -23.4553
240.127 -22.4998
240.096 -20.4583
240.022 -17.6094
239.926 -14.3612
239.834 -11.1856
239.771 -8.5465
239.758 -6.83225
239.809 -6.30255
239.93 -7.0556
240.117 -9.01952
240.356 -11.9677
240.631 -15.5546
240.917 -19.3662
241.193 -22.9774
241.437 -26.0074
241.634 -28.1668
241.775 -29.2902
241.858 -29.3501
241.889 -28.4524
241.881 -26.8151
241.848 -24.7333
241.809 -22.5365
241.781 -20.5446
241.779 -19.0275
241.813 -18.1737
241.887 -18.0714
242.001 -18.7033
242.149 -19.9551
242.32 -21.635
242.501 -23.5024
242.679 -25.3007
242.839 -26.7898
242.973 -27.7753
243.072 -28.1309
243.135 -27.8104
243.163 -26.8509
243.162 -25.3653
243.143 -23.526
243.115 -21.5431
243.092 -19.6383
243.084 -18.0192
243.101 -16.8551
243.149 -16.2591
243.23 -16.2763
243.343 -16.8803
243.482 -17.9783
243.64 -19.4236
243.808 -21.0331
243.973 -22.6101
244.127 -23.9669
244.26 -24.9469
244.367 -25.4417
244.444 -25.4034
244.494 -24.8484
244.521 -23.855
244.53 -22.5526
244.532 -21.1058
244.535 -19.6947
244.55 -18.4939
244.585 -17.6525
244.644 -17.2776
244.732 -17.4238
244.848 -18.0882
244.989 -19.2125
245.149 -20.6912
245.321 -22.3853
245.496 -24.1375
245.666 -25.7902
245.822 -27.2009
245.959 -28.256
246.073 -28.8791
246.161 -29.0359
246.225 -28.7337
246.266 -28.0164
246.289 -26.9573
246.298 -25.6493
246.299 -24.1946
246.298 -22.6959
246.3 -21.2478
246.308 -19.9313
246.327 -18.8096
246.36 -17.9258
246.406 -17.3021
246.466 -16.9406
246.54 -16.8244
246.625 -16.92
246.719 -17.1799
246.819 -17.5463
246.921 -17.9554
247.022 -18.3434
247.119 -18.6521
247.209 -18.8358
247.291 -18.8671
247.364 -18.7425
247.43 -18.4847
247.491 -18.143
247.552 -17.7901
247.617 -17.5146
247.692 -17.4113
247.78 -17.568
247.887 -18.0523
248.012 -18.8992
248.158 -20.1015
248.319 -21.605
248.491 -23.3095
248.667 -25.0766
248.837 -26.7432
248.993 -28.1402
249.126 -29.1138
249.229 -29.546
249.3 -29.373
249.338 -28.5966
249.347 -27.2878
249.335 -25.5814
249.311 -23.6615
249.286 -21.7393
249.274 -20.0263
249.282 -18.706
249.319 -17.9082
249.387 -17.6902
249.485 -18.0261
249.608 -18.8084
249.745 -19.8599
249.884 -20.9568
250.013 -21.8579
250.119 -22.3382
250.193 -22.2212
250.229 -21.4059
250.226 -19.8845
250.19 -17.7482
250.131 -15.1808
250.063 -12.438
250.001 -9.81879
249.962 -7.6289
249.962 -6.14286
250.011 -5.56919
250.115 -6.02284
250.276 -7.50883
250.486 -9.91911
250.736 -13.0432
251.008 -16.5914
251.285 -20.2277
251.548 -23.6081
251.78 -26.4206
251.969 -28.4206
252.105 -29.4581
252.187 -29.4939
252.219 -28.6015
252.209 -26.957
252.173 -24.8151
252.127 -22.4776
252.086 -20.256
252.068 -18.4338
252.083 -17.233
252.139 -16.788
252.237 -17.1316
252.375 -18.1927
252.542 -19.8073
252.727 -21.7402
252.914 -23.716
253.088 -25.4543
253.236 -26.7049
253.347 -27.28
253.416 -27.0772
253.443 -26.0931
253.432 -24.423
253.395 -22.2498
253.343 -19.8199
253.292 -17.4126
253.258 -15.3038
253.253 -13.7308
253.286 -12.8608
253.361 -12.7689
253.477 -13.4269
253.626 -14.7066
253.797 -16.3948
253.976 -18.2207
254.147 -19.8913
254.294 -21.1302
254.406 -21.7148
254.474 -21.508
254.499 -20.4788
254.483 -18.71
254.437 -16.3904
254.377 -13.7933
254.318 -11.2441
254.281 -9.07965
254.281 -7.60543
254.332 -7.05653
254.439 -7.56656
254.605 -9.14934
254.823 -11.6955
255.081 -14.9847
255.363 -18.7117
255.65 -22.5231
255.921 -26.0593
256.16 -28.9974
256.354 -31.0875
256.493 -32.1798
256.576 -32.2383
256.607 -31.339
256.596 -29.6548
256.555 -27.4285
256.501 -24.9388
256.446 -22.463
256.406 -20.2438
256.39 -18.4616
256.402 -17.219
256.445 -16.5358
256.516 -16.357
256.607 -16.5704
256.712 -17.0305
256.822 -17.585
256.93 -18.1005
257.031 -18.481
257.122 -18.6804
257.203 -18.7038
257.277 -18.6011
257.349 -18.453
257.424 -18.3527
257.506 -18.3863
257.598 -18.6158
257.703 -19.0673
257.818 -19.7252
257.942 -20.5348
258.07 -21.4113
258.195 -22.2529
258.313 -22.9578
258.419 -23.4389
258.51 -23.6373
258.584 -23.5295
258.643 -23.1294
258.688 -22.4841
258.723 -21.6645
258.754 -20.7536
258.784 -19.8329
258.817 -18.9713
258.857 -18.2158
258.903 -17.588
258.955 -17.0845
259.013 -16.6817
259.075 -16.3439
259.138 -16.0321
259.201 -15.7133
259.262 -15.3666
259.322 -14.9872
259.38 -14.5858
259.438 -14.1855
259.498 -13.8155
259.561 -13.5036
259.629 -13.2694
259.701 -13.1188
259.776 -13.0415
259.855 -13.0115
259.934 -12.991
260.011 -12.9368
260.084 -12.808
260.151 -12.5739
260.212 -12.2204
260.267 -11.754
260.317 -11.2025
260.365 -10.6127
260.414 -10.0451
260.468 -9.56585
260.53 -9.23834
260.604 -9.115
260.69 -9.23006
260.79 -9.59487
260.902 -10.1959
261.026 -10.9957
261.157 -11.9366
261.291 -12.9462
261.425 -13.9448
261.555 -14.8524
261.675 -15.5966
261.783 -16.1186
261.877 -16.3782
261.956 -16.3573
262.02 -16.061
262.071 -15.5181
262.111 -14.7788
262.144 -13.9115
262.174 -12.9978
262.207 -12.1272
262.247 -11.3891
262.299 -10.8664
262.366 -10.627
262.451 -10.7175
262.555 -11.1567
262.677 -11.9328
262.815 -13.0016
262.964 -14.2887
263.12 -15.695
263.277 -17.1039
263.427 -18.392
263.563 -19.4407
263.682 -20.147
263.777 -20.4346
263.848 -20.2612
263.893 -19.6233
263.916 -18.5569
263.918 -17.1339
263.908 -15.4555
263.889 -13.6421
263.871 -11.8222
263.859 -10.1209
263.859 -8.64927
263.876 -7.4959
263.914 -6.72167
263.975 -6.3572
264.057 -6.40362
264.161 -6.83593
264.282 -7.60822
264.419 -8.65985
264.568 -9.92182
264.724 -11.3225
264.883 -12.7925
265.043 -14.268
265.201 -15.6931
265.352 -17.0208
265.497 -18.2129
265.633 -19.2403
265.758 -20.0818
265.873 -20.724
265.977 -21.161
266.069 -21.3935
266.151 -21.4292
266.223 -21.2817
266.286 -20.9702
266.342 -20.5179
266.391 -19.9507
266.436 -19.2952
266.477 -18.5775
266.516 -17.8213
266.554 -17.0474
266.592 -16.2729
266.631 -15.5117
266.671 -14.7749
266.713 -14.0722
266.757 -13.4125
266.804 -12.8049
266.855 -12.2593
266.909 -11.7859
266.968 -11.3946
267.032 -11.0941
267.101 -10.8905
267.175 -10.7862
267.255 -10.7795
267.339 -10.8647
267.428 -11.033
267.521 -11.2737
267.618 -11.5764
267.717 -11.9329
267.819 -12.3378
267.924 -12.7894
268.031 -13.2882
268.14 -13.8356
268.252 -14.4304
268.367 -15.0654
268.483 -15.7253
268.598 -16.3838
268.712 -17.0042
268.821 -17.5408
268.923 -17.9436
269.015 -18.1645
269.095 -18.1644
269.162 -17.9212
269.215 -17.4367
269.258 -16.7411
269.292 -15.8941
269.322 -14.9826
269.355 -14.1135
269.397 -13.4032
269.453 -12.9644
269.529 -12.8909
269.628 -13.244
269.751 -14.0407
269.897 -15.2468
270.06 -16.7754
270.233 -18.4926
270.407 -20.2286
270.572 -21.7955
270.717 -23.0076
270.835 -23.7037
270.919 -23.7681
270.965 -23.1466
270.975 -21.8569
270.954 -19.9903
270.91 -17.7048
270.855 -15.2095
270.801 -12.742
270.762 -10.5419
270.749 -8.82261
270.771 -7.74531
270.832 -7.39892
270.933 -7.78823
271.069 -8.83214
271.233 -10.3728
271.412 -12.1945
271.592 -14.0507
271.761 -15.695
271.907 -16.9133
272.022 -17.5517
272.101 -17.5374
272.146 -16.8886
272.162 -15.7128
272.16 -14.1933
272.152 -12.5643
272.151 -11.0796
272.172 -9.97795
272.223 -9.44956
272.312 -9.60933
272.439 -10.4798
272.601 -11.9869
272.788 -13.9689
272.989 -16.1979
273.189 -18.4111
273.373 -20.3469
273.531 -21.7817
273.653 -22.5613
273.737 -22.6229
273.783 -22.004
273.8 -20.837
273.798 -19.33
273.792 -17.7361
273.795 -16.3161
273.82 -15.2996
273.876 -14.8501
273.966 -15.0395
274.089 -15.8358
274.238 -17.106
274.401 -18.634
274.563 -20.1512
274.709 -21.3753
274.826 -22.0521
274.903 -21.9939
274.935 -21.1095
274.923 -19.4205
274.876 -17.0618
274.804 -14.2666
274.726 -11.3367
274.657 -8.60319
274.617 -6.38277
274.619 -4.93538
274.671 -4.42986
274.778 -4.92162
274.935 -6.34591
275.133 -8.52703
275.358 -11.2022
275.593 -14.0565
275.82 -16.7641
276.022 -19.0293
276.189 -20.623
276.311 -21.4085
276.388 -21.3543
276.424 -20.5324
276.426 -19.103
276.408 -17.2883
276.383 -15.34
276.363 -13.5044
276.361 -11.9908
276.385 -10.9477
276.438 -10.4487
276.52 -10.4901
276.627 -10.9994
276.754 -11.8526
276.89 -12.8975
277.029 -13.9778
277.162 -14.9565
277.284 -15.733
277.392 -16.2533
277.486 -16.5121
277.568 -16.5464
277.641 -16.4239
277.711 -16.2269
277.78 -16.0365
277.854 -15.9176
277.934 -15.9092
278.02 -16.0196
278.111 -16.2281
278.205 -16.4912
278.299 -16.7531
278.39 -16.9576
278.476 -17.0595
278.554 -17.033
278.626 -16.8768
278.692 -16.6137
278.754 -16.2866
278.816 -15.9497
278.88 -15.6596
278.95 -15.4642
279.026 -15.3948
279.109 -15.461
279.2 -15.6496
279.295 -15.9278
279.392 -16.2497
279.489 -16.5658
279.584 -16.8323
279.674 -17.0198
279.759 -17.1197
279.841 -17.1456
279.92 -17.1313
280 -17.1246
280.082 -17.1777
280.171 -17.3369
280.267 -17.6318
280.371 -18.068
280.481 -18.6221
280.594 -19.2434
280.708 -19.8589
280.816 -20.3838
280.915 -20.7346
281.001 -20.8428
281.072 -20.6681
281.127 -20.2076
281.168 -19.4995
281.201 -18.6217
281.23 -17.6835
281.263 -16.8118
281.306 -16.1343
281.366 -15.7614
281.446 -15.7697
281.549 -16.1891
281.673 -16.9968
281.814 -18.1183
281.965 -19.4353
282.119 -20.8012
282.267 -22.0596
282.402 -23.0659
282.516 -23.7063
282.608 -23.9135
282.675 -23.6759
282.72 -23.0384
282.749 -22.0959
282.769 -20.9794
282.787 -19.8369
282.811 -18.8125
282.849 -18.0257
282.903 -17.5546
282.976 -17.4257
283.066 -17.6112
283.169 -18.0337
283.279 -18.5786
283.388 -19.1121
283.489 -19.5004
283.576 -19.6298
283.644 -19.4229
283.693 -18.8494
283.724 -17.9295
283.739 -16.731
283.744 -15.3588
283.747 -13.94
283.755 -12.607
283.774 -11.4795
283.809 -10.6502
283.863 -10.1749
283.938 -10.0679
284.03 -10.3037
284.139 -10.8244
284.258 -11.5503
284.384 -12.3925
284.511 -13.2654
284.636 -14.097
284.756 -14.8357
284.869 -15.4527
284.976 -15.9405
285.076 -16.3078
285.17 -16.5724
285.26 -16.7534
285.346 -16.8647
285.428 -16.9103
285.507 -16.8834
285.581 -16.7672
285.648 -16.5403
285.709 -16.1818
285.762 -15.6777
285.807 -15.027
285.844 -14.2445
285.876 -13.362
285.906 -12.4261
285.935 -11.4935
285.968 -10.6248
286.008 -9.87702
286.056 -9.29694
286.116 -8.91602
286.186 -8.74756
286.269 -8.78659
286.361 -9.01238
286.461 -9.39304
286.568 -9.89118
286.68 -10.4697
286.794 -11.0968
286.909 -11.7492
287.025 -12.4128
287.141 -13.0818
287.258 -13.7556
287.375 -14.434
287.491 -15.1134
287.608 -15.7821
287.722 -16.4189
287.833 -16.9919
287.939 -17.4607
288.036 -17.7806
288.123 -17.9074
288.197 -17.8043
288.258 -17.4473
288.305 -16.8309
288.338 -15.9717
288.36 -14.9095
288.375 -13.7071
288.387 -12.4467
288.401 -11.2252
288.422 -10.1471
288.457 -9.31708
288.511 -8.83167
288.588 -8.77094
288.691 -9.19087
288.821 -10.1168
288.978 -11.5386
289.159 -13.4075
289.36 -15.6357
289.573 -18.0992
289.791 -20.6434
290.004 -23.0921
290.201 -25.2598
290.374 -26.9668
290.513 -28.0551
290.612 -28.4049
290.667 -27.9494
290.679 -26.6861
290.65 -24.6827
290.589 -22.0767
290.506 -19.0673
290.414 -15.9002
290.329 -12.8457
290.264 -10.1731
290.233 -8.12288
290.246 -6.88027
290.308 -6.55418
290.421 -7.16332
290.581 -8.63222
290.778 -10.7981
291 -13.428
291.233 -16.2446
291.46 -18.9582
291.667 -21.2996
291.842 -23.0518
291.977 -24.0746
292.071 -24.3198
292.124 -23.834
292.146 -22.7508
292.145 -21.2698
292.136 -19.6289
292.132 -18.0712
292.144 -16.8118
292.18 -16.0097
292.246 -15.7475
292.341 -16.0222
292.46 -16.7484
292.596 -17.7733
292.737 -18.901
292.872 -19.9225
292.992 -20.6474
293.087 -20.9323
293.155 -20.7019
293.194 -19.9594
293.211 -18.7861
293.212 -17.328
293.208 -15.7741
293.209 -14.3275
293.227 -13.175
293.268 -12.4582
293.337 -12.2527
293.433 -12.5555
293.553 -13.2845
293.687 -14.2899
293.826 -15.3747
293.958 -16.3231
294.07 -16.9305
294.156 -17.0332
294.209 -16.5324
294.228 -15.4083
294.217 -13.7251
294.183 -11.623
294.137 -9.30086
294.092 -6.99134
294.06 -4.93099
294.054 -3.33085
294.081 -2.35067
294.146 -2.08028
294.25 -2.53055
294.39 -3.63477
294.558 -5.25998
294.745 -7.22626
294.939 -9.33112
295.13 -11.3753
295.308 -13.1867
295.466 -14.6382
295.602 -15.659
295.713 -16.2358
295.802 -16.4068
295.874 -16.2474
295.932 -15.8521
295.983 -15.3148
296.03 -14.7111
296.077 -14.0849
296.122 -13.4424
296.164 -12.7537
296.202 -11.9625
296.229 -11.001
296.245 -9.80953
296.246 -8.35593
296.234 -6.65201
296.212 -4.76429
296.186 -2.81609
296.167 -0.98039
296.164 0.536503
296.191 1.5187
296.258 1.76902
296.372 1.13808
296.538 -0.449879
296.755 -2.9783
297.017 -6.32996
297.311 -10.2908
297.623 -14.5663
297.933 -18.8091
298.221 -22.655
298.469 -25.7633
298.663 -27.8557
298.791 -28.7506
298.852 -28.3866
298.847 -26.8324
298.789 -24.2817
298.693 -21.0336
298.58 -17.4586
298.47 -13.9568
298.385 -10.911
298.342 -8.64151
298.353 -7.36827
298.423 -7.18466
298.55 -8.04699
298.724 -9.78092
298.93 -12.1042
299.148 -14.6631
299.359 -17.0785
299.543 -18.9946
299.684 -20.1257
299.773 -20.2941
299.808 -19.4538
299.793 -17.698
299.74 -15.2479
299.667 -12.4252
299.594 -9.61072
299.544 -7.19469
299.533 -5.52566
299.577 -4.86379
299.683 -5.34536
299.851 -6.96278
300.072 -9.56323
300.331 -12.866
300.608 -16.4967
300.879 -20.0338
301.123 -23.0615
301.32 -25.2229
301.457 -26.2653
301.526 -26.0724
301.531 -24.6794
301.48 -22.2684
301.391 -19.145
301.284 -15.6997
301.183 -12.3579
301.11 -9.52633
301.083 -7.54265
301.113 -6.63383
301.207 -6.88967
301.361 -8.25402
301.565 -10.5348
301.802 -13.4312
302.052 -16.5741
302.294 -19.5739
302.51 -22.0705
302.682 -23.7773
302.802 -24.5148
302.867 -24.2292
302.88 -22.9947
302.852 -20.9989
302.797 -18.5145
302.733 -15.8617
302.678 -13.3656
302.647 -11.3152
302.652 -9.9297
302.7 -9.33436
302.792 -9.55078
302.923 -10.5003
303.085 -12.02
303.267 -13.8887
303.453 -15.8583
303.632 -17.6861
303.792 -19.1645
303.925 -20.1433
304.027 -20.5436
304.097 -20.3612
304.139 -19.6606
304.16 -18.5612
304.167 -17.2181
304.17 -15.801
304.178 -14.4734
304.199 -13.3761
304.238 -12.6147
304.298 -12.2534
304.381 -12.315
304.487 -12.7842
304.612 -13.6158
304.753 -14.7426
304.906 -16.0842
305.065 -17.5538
305.227 -19.0633
305.386 -20.5255
305.538 -21.8556
305.679 -22.9714
305.803 -23.7939
305.908 -24.2487
305.989 -24.2703
306.044 -23.8066
306.071 -22.8259
306.07 -21.3237
306.042 -19.3293
305.991 -16.9095
305.922 -14.1694
305.844 -11.2486
305.765 -8.31332
305.695 -5.54419
305.644 -3.12119
305.62 -1.2069
305.631 0.0697595
305.68 0.627386
305.771 0.441867
305.899 -0.44933
306.06 -1.94899
306.246 -3.90814
306.447 -6.13949
306.651 -8.43487
306.848 -10.585
307.026 -12.3991
307.178 -13.7237
307.298 -14.4563
307.383 -14.5558
307.436 -14.0455
307.459 -13.0111
307.463 -11.5924
307.455 -9.9696
307.447 -8.34686
307.45 -6.9324
307.475 -5.91897
307.531 -5.46514
307.622 -5.67947
307.753 -6.60894
307.921 -8.23265
308.121 -10.4616
308.347 -13.1443
308.586 -16.0789
308.826 -19.0299
309.053 -21.7483
309.255 -23.9951
309.42 -25.5631
309.539 -26.2982
309.61 -26.1154
309.63 -25.0092
309.604 -23.0567
309.541 -20.4123
309.452 -17.2947
309.351 -13.9672
309.255 -10.7126
309.178 -7.80535
309.132 -5.48417
309.128 -3.92787
309.17 -3.23693
309.26 -3.42319
309.394 -4.409
309.562 -6.03593
309.753 -8.08232
309.952 -10.2877
310.146 -12.3817
310.319 -14.1135
310.463 -15.2792
310.568 -15.7437
310.632 -15.4545
310.658 -14.4459
310.65 -12.8337
310.62 -10.8008
310.579 -8.57532
310.542 -6.405
310.52 -4.52938
310.526 -3.1544
310.567 -2.43161
310.647 -2.44423
310.768 -3.20151
310.926 -4.64161
311.115 -6.64213
311.325 -9.03672
311.545 -11.6353
311.767 -14.2453
311.979 -16.6917
312.175 -18.8327
312.349 -20.5707
312.499 -21.8566
312.624 -22.6883
312.727 -23.1034
312.81 -23.168
312.879 -22.9634
312.938 -22.573
312.991 -22.0699
313.04 -21.5082
313.088 -20.9182
313.135 -20.3057
313.18 -19.6551
313.221 -18.9364
313.256 -18.1136
313.284 -17.1538
313.304 -16.036
313.315 -14.7579
313.318 -13.3393
313.316 -11.8232
313.312 -10.2725
313.31 -8.76509
313.315 -7.38494
313.332 -6.2134
313.363 -5.31932
313.413 -4.7504
313.48 -4.5263
313.566 -4.63455
313.668 -5.02991
313.781 -5.63728
313.9 -6.35821
314.019 -7.08048
314.132 -7.6899
314.233 -8.08322
314.319 -8.1809
314.385 -7.93801
314.434 -7.35234
314.466 -6.46804
314.487 -5.37448
314.503 -4.1996
314.523 -3.09823
314.557 -2.23614
314.611 -1.77127
314.695 -1.83429
314.811 -2.51057
314.963 -3.82594
315.146 -5.7382
315.356 -8.13606
315.583 -10.8461
315.815 -13.6474
316.038 -16.2937
316.24 -18.5384
316.408 -20.1631
316.533 -21.0033
316.612 -20.9696
316.642 -20.0608
316.631 -18.3677
316.586 -16.0658
316.521 -13.3977
316.452 -10.6475
316.395 -8.10911
316.363 -6.05294
316.37 -4.69497
316.422 -4.17193
316.521 -4.52575
316.664 -5.69959
316.844 -7.54576
317.049 -9.84457
317.264 -12.3317
317.474 -14.7304
317.665 -16.7846
317.826 -18.2883
317.951 -19.1077
318.035 -19.1934
318.082 -18.5819
318.097 -17.3851
318.09 -15.772
318.071 -13.9431
318.051 -12.1031
318.041 -10.4349
318.048 -9.07844
318.075 -8.11736
318.126 -7.57457
318.198 -7.41688
318.286 -7.56712
318.385 -7.92157
318.489 -8.36939
318.593 -8.81113
318.693 -9.17319
318.786 -9.41638
318.872 -9.53742
318.954 -9.56392
319.033 -9.54393
319.112 -9.5324
319.195 -9.57728
319.282 -9.70759
319.374 -9.9259
319.469 -10.2064
319.565 -10.4989
319.658 -10.7378
319.744 -10.8552
319.821 -10.7939
319.886 -10.5199
319.939 -10.0313
319.983 -9.36135
320.02 -8.57582
320.057 -7.76503
320.097 -7.03129
320.147 -6.47415
320.21 -6.17587
320.291 -6.18944
320.39 -6.53106
320.505 -7.17845
320.633 -8.07513
320.771 -9.13993
320.913 -10.2802
321.054 -11.406
321.19 -12.4438
321.319 -13.3463
321.44 -14.0973
321.553 -14.7111
321.661 -15.2259
321.766 -15.6937
321.872 -16.1665
321.98 -16.684
322.091 -17.2624
322.205 -17.8886
322.319 -18.5195
322.43 -19.087
322.533 -19.5091
322.624 -19.7033
322.698 -19.6024
322.755 -19.1678
322.793 -18.3999
322.816 -17.3422
322.827 -16.0787
322.834 -14.7252
322.843 -13.4145
322.861 -12.279
322.895 -11.4311
322.949 -10.9472
323.024 -10.8552
323.119 -11.1291
323.23 -11.6913
323.349 -12.4222
323.47 -13.1766
323.584 -13.8037
323.684 -14.169
323.764 -14.1741
323.822 -13.7721
323.859 -12.9765
323.879 -11.8614
323.888 -10.5545
323.896 -9.22164
323.912 -8.04712
323.947 -7.21038
324.008 -6.86357
324.102 -7.1121
324.23 -8.00071
324.391 -9.50702
324.582 -11.5428
324.793 -13.9628
325.015 -16.5801
325.236 -19.1854
325.445 -21.5682
325.632 -23.5376
325.788 -24.9402
325.907 -25.6728
325.988 -25.6902
326.031 -25.0067
326.04 -23.691
326.021 -21.858
325.981 -19.6556
325.931 -17.2506
325.879 -14.8142
325.834 -12.5078
325.804 -10.4722
325.794 -8.81817
325.809 -7.62073
325.851 -6.91681
325.92 -6.70526
326.013 -6.94963
326.127 -7.58301
326.258 -8.51453
326.399 -9.63698
326.544 -10.8352
326.686 -11.995
326.821 -13.0114
326.944 -13.7971
327.051 -14.2889
327.14 -14.4532
327.211 -14.2886
327.266 -13.826
327.308 -13.1266
327.342 -12.2759
327.373 -11.376
327.407 -10.5361
327.451 -9.86156
327.508 -9.44355
327.583 -9.34976
327.678 -9.61756
327.792 -10.2501
327.924 -11.2162
328.071 -12.4537
328.228 -13.8765
328.39 -15.3833
328.551 -16.8689
328.705 -18.2347
328.848 -19.3984
328.977 -20.3022
329.09 -20.9169
329.188 -21.2429
329.271 -21.3083
329.343 -21.1626
329.407 -20.8694
329.467 -20.4965
329.526 -20.1065
329.587 -19.7487
329.651 -19.4526
329.718 -19.224
329.789 -19.0448
329.859 -18.876
329.928 -18.6626
329.99 -18.3417
330.044 -17.8509
330.085 -17.1374
330.113 -16.1659
330.125 -14.9249
330.124 -13.4307
330.112 -11.7284
330.093 -9.88947
330.071 -8.00744
330.052 -6.19005
330.043 -4.5503
330.05 -3.19642
330.077 -2.22194
330.129 -1.69678
330.207 -1.6604
330.312 -2.11779
330.442 -3.0386
330.593 -4.35986
330.762 -5.99179
330.941 -7.82632
331.125 -9.74737
331.308 -11.6417
331.483 -13.4092
331.648 -14.9713
331.799 -16.2768
331.934 -17.304
332.055 -18.0595
332.163 -18.5733
332.261 -18.892
332.35 -19.069
332.435 -19.156
332.517 -19.1945
332.598 -19.21
332.678 -19.2089
332.756 -19.1796
332.832 -19.0964
332.902 -18.9257
332.967 -18.6345
333.023 -18.1984
333.071 -17.6091
333.112 -16.8786
333.146 -16.0413
333.178 -15.1509
333.211 -14.2759
333.248 -13.4899
333.294 -12.8626
333.352 -12.449
333.423 -12.2811
333.507 -12.362
333.603 -12.6639
333.709 -13.1305
333.819 -13.6833
333.928 -14.2313
334.033 -14.683
334.128 -14.9583
334.21 -14.9998
334.278 -14.7812
334.333 -14.311
334.376 -13.6327
334.412 -12.8196
334.446 -11.9656
334.483 -11.1732
334.528 -10.5404
334.587 -10.1473
334.662 -10.0456
334.753 -10.2515
334.859 -10.7426
334.978 -11.4606
335.105 -12.3181
335.233 -13.2094
335.357 -14.0238
335.472 -14.6598
335.572 -15.0378
335.656 -15.1109
335.723 -14.8706
335.775 -14.3491
335.815 -13.6159
335.849 -12.7692
335.883 -11.9248
335.924 -11.2014
335.977 -10.7065
336.047 -10.522
336.137 -10.6942
336.246 -11.2268
336.372 -12.0797
336.511 -13.1726
336.657 -14.3938
336.803 -15.6128
336.942 -16.6956
337.067 -17.5203
337.172 -17.9913
337.255 -18.0515
337.316 -17.6888
337.355 -16.9378
337.378 -15.8764
337.389 -14.6157
337.397 -13.2878
337.409 -12.0293
337.432 -10.9651
337.47 -10.1943
337.527 -9.77837
337.605 -9.73467
337.701 -10.0359
337.813 -10.6147
337.934 -11.3739
338.059 -12.1998
338.181 -12.978
338.295 -13.6088
338.397 -14.0203
338.486 -14.1776
338.561 -14.0868
338.625 -13.793
338.682 -13.3736
338.738 -12.9263
338.798 -12.5544
338.867 -12.3521
338.949 -12.39
339.046 -12.7045
339.158 -13.2917
339.282 -14.1065
339.414 -15.0677
339.548 -16.0681
339.678 -16.9877
339.797 -17.709
339.9 -18.1318
339.983 -18.1858
340.044 -17.8386
340.084 -17.0996
340.106 -16.0178
340.113 -14.6747
340.112 -13.1732
340.108 -11.6246
340.107 -10.1346
340.114 -8.79155
340.133 -7.65766
340.164 -6.76431
340.209 -6.11252
340.266 -5.67789
340.331 -5.41909
340.404 -5.28852
340.482 -5.24335
340.563 -5.25513
340.646 -5.31621
340.733 -5.4421
340.825 -5.66901
340.926 -6.04686
341.037 -6.62865
341.162 -7.4578
341.301 -8.55528
341.455 -9.90875
341.619 -11.4657
341.789 -13.1319
341.959 -14.7766
342.118 -16.2432
342.259 -17.3659
342.373 -17.9893
342.453 -17.9899
342.495 -17.2952
342.499 -15.8982
342.469 -13.8662
342.412 -11.3402
342.34 -8.52499
342.265 -5.67168
342.203 -3.05221
342.169 -0.930236
342.173 0.469032
342.225 0.986164
342.328 0.548437
342.483 -0.818479
342.68 -2.99002
342.91 -5.75386
343.157 -8.83184
343.403 -11.9102
343.633 -14.6747
343.831 -16.8465
343.985 -18.2139
344.089 -18.6568
344.142 -18.1597
344.149 -16.8122
344.12 -14.7964
344.068 -12.3633
344.009 -9.80071
343.959 -7.39681
343.931 -5.40471
343.936 -4.01204
343.978 -3.31984
344.059 -3.33354
344.173 -3.9669
344.312 -5.05816
344.465 -6.39598
344.618 -7.75126
344.761 -8.91031
344.884 -9.70464
344.982 -10.0331
345.053 -9.8731
345.101 -9.2802
345.132 -8.37497
345.155 -7.32091
345.179 -6.29551
345.214 -5.45995
345.266 -4.93154
345.336 -4.7636
345.426 -4.93589
345.529 -5.35701
345.637 -5.87888
345.741 -6.32099
345.831 -6.50095
345.898 -6.26679
345.938 -5.52589
345.95 -4.2661
345.938 -2.56547
345.91 -0.588614
345.881 1.43008
345.864 3.21466
345.876 4.48349
345.928 4.98788
346.032 4.54827
346.192 3.08274
346.405 0.623759
346.664 -2.67956
346.955 -6.57421
347.26 -10.7298
347.559 -14.7757
347.832 -18.3436
348.062 -21.1108
348.236 -22.8383
348.346 -23.3988
348.393 -22.7907
348.384 -21.1375
348.33 -18.6715
348.249 -15.7048
348.161 -12.5915
348.083 -9.68499
348.034 -7.29762
348.026 -5.66544
348.065 -4.92406
348.155 -5.09749
348.289 -6.101
348.459 -7.75732
348.651 -9.82343
348.85 -12.0241
349.042 -14.0876
349.214 -15.7792
349.356 -16.9277
349.464 -17.442
349.537 -17.317
349.58 -16.6272
349.599 -15.5108
349.605 -14.1466
349.608 -12.7269
349.618 -11.4309
349.642 -10.4023
349.686 -9.7326
349.751 -9.45422
349.836 -9.54136
349.936 -9.91969
350.047 -10.4818
350.161 -11.1065
350.272 -11.6778
350.375 -12.1027
350.467 -12.3233
350.547 -12.3231
350.616 -12.1267
350.678 -11.793
350.737 -11.4045
350.798 -11.0528
350.865 -10.8243
350.943 -10.7873
351.034 -10.9825
351.138 -11.4174
351.253 -12.0661
351.376 -12.8733
351.505 -13.7611
351.632 -14.6388
351.754 -15.4134
351.866 -15.9989
351.963 -16.3247
352.044 -16.3412
352.107 -16.0233
352.152 -15.371
352.18 -14.4087
352.193 -13.1823
352.196 -11.7567
352.192 -10.211
352.187 -8.63514
352.185 -7.12448
352.192 -5.77501
352.213 -4.67713
352.251 -3.90917
352.31 -3.5303
352.393 -3.57374
352.498 -4.04105
352.625 -4.89839
352.768 -6.07592
352.924 -7.47098
353.084 -8.95545
353.242 -10.3872
353.389 -11.6247
353.519 -12.5431
353.626 -13.0506
353.709 -13.1017
353.768 -12.706
353.806 -11.9314
353.83 -10.8986
353.849 -9.76962
353.872 -8.72874
353.911 -7.96008
353.972 -7.62282
354.063 -7.82856
354.186 -8.62309
354.34 -9.97608
354.517 -11.7799
354.71 -13.8589
354.905 -15.9874
355.09 -17.9162
355.25 -19.4021
355.376 -20.2388
355.458 -20.2844
355.495 -19.4811
355.487 -17.8657
355.443 -15.5687
355.373 -12.802
355.292 -9.83698
355.217 -6.97486
355.164 -4.51421
355.147 -2.71828
355.176 -1.78677
355.259 -1.83509
355.396 -2.88338
355.583 -4.85614
355.811 -7.59219
356.068 -10.8633
356.34 -14.399
356.61 -17.914
356.865 -21.136
357.09 -23.8296
357.278 -25.8149
357.421 -26.9795
357.518 -27.2828
357.569 -26.7533
357.58 -25.4809
357.558 -23.6037
357.513 -21.2942
357.455 -18.7433
357.394 -16.1457
357.341 -13.6867
357.304 -11.5315
357.291 -9.81551
357.308 -8.63774
357.356 -8.05599
357.438 -8.08364
357.55 -8.68879
357.69 -9.79551
357.851 -11.2879
358.025 -13.0172
358.202 -14.812
358.373 -16.4913
358.528 -17.8799
358.66 -18.8251
358.761 -19.2125
358.828 -18.9792
358.862 -18.1241
358.865 -16.71
358.845 -14.8611
358.811 -12.7517
358.773 -10.5889
358.745 -8.59074
358.737 -6.96118
358.758 -5.86598
358.813 -5.41214
358.905 -5.63371
359.031 -6.48623
359.185 -7.85089
359.357 -9.54834
359.535 -11.3606
359.707 -13.0585
359.862 -14.4316
359.99 -15.3158
360.086 -15.6159
360.15 -15.3189
360.185 -14.4976
360.2 -13.3012
360.207 -11.9372
360.216 -10.6433
360.243 -9.65628
360.297 -9.1793
360.387 -9.35331
360.514 -10.2365
360.679 -11.7939
360.873 -13.8994
361.086 -16.35
361.303 -18.8898
361.511 -21.2419
361.694 -23.1431
361.841 -24.3771
