-0.359848 -0.0244558
-0.41323 11.1434
-0.386982 2.933
-0.356991 -0.763942
-0.27966 -1.10356
-0.358431 4.1685
-0.296009 1.1294
-0.186402 -3.2021
-0.241385 3.65216
-0.331224 12.26
-0.203914 4.91687
-0.131715 4.81678
-0.0801357 4.90581
-0.102443 6.74121
-0.0670905 5.58882
-0.0488459 3.04267
-0.112197 16.7198
-0.0819108 15.0073
-0.0575634 11.105
0.0924338 -5.00472
-0.0164205 7.92639
0.0727349 8.15642
0.130753 12.525
0.146954 9.29822
0.130261 11.1663
0.20157 10.4923
0.151802 7.27981
0.149631 5.85058
0.266453 1.90914
0.252853 4.83986
0.223333 14.0332
0.335381 -1.23313
0.301129 6.03547
0.290922 21.0511
0.466094 2.20325
0.477467 3.33782
0.428562 11.7485
0.452956 11.7497
0.578754 5.04664
0.555438 1.63028
0.536872 5.21824
0.551163 11.2107
0.645721 -3.19052
0.553947 12.5555
0.547756 3.08171
0.556027 9.26545
0.544687 6.97143
0.506608 21.2154
0.576853 3.32998
0.555165 5.55946
0.500761 17.8589
0.633693 10.4932
0.709837 5.25619
0.705059 10.6437
0.659347 11.2956
0.636803 17.7106
0.85007 4.41046
0.763931 15.612
0.74579 10.498
0.820995 7.55485
0.951871 -3.37097
0.872343 7.73816
0.882848 3.70725
0.833313 13.7941
0.798098 18.8087
1.02522 -0.80404
0.981 6.05295
0.946782 6.48875
0.942133 13.7969
0.898209 12.4021
1.03245 7.77208
0.98793 6.02692
0.943726 8.50075
1.09359 -0.509872
1.0324 13.0785
1.12087 10.4673
1.14337 6.13016
1.07263 17.2894
1.20657 1.88756
1.01339 23.2445
1.15241 9.41015
1.27064 0.533384
1.19429 2.89645
1.10904 9.76919
1.12953 12.8841
1.25342 -1.178
1.10128 19.9094
1.40574 0.766512
1.31261 11.4146
1.19469 25.681
1.39904 15.4425
1.56919 -3.06985
1.41539 12.7199
1.35757 18.1665
1.49126 12.2109
1.56074 4.60252
1.49951 13.5941
1.51377 14.1378
1.56287 2.94081
1.58289 4.33214
1.53229 15.0136
1.63653 10.058
1.59119 15.5426
1.61235 10.6608
1.73946 9.2072
1.71437 11.8054
1.66222 23.8078
1.6844 20.3096
1.75731 12.8625
1.90285 5.51267
1.90336 1.84117
1.84965 8.06294
1.95096 9.90425
1.9744 8.94036
1.99056 7.511
2.0494 3.99766
2.12476 2.62212
2.18034 -0.164857
2.12527 7.12361
2.13973 3.72879
2.12072 10.4602
2.05698 10.7221
2.03076 13.1032
2.11153 7.33159
2.1813 6.56146
2.13169 15.1964
2.07137 17.1296
2.222 10.6202
2.31259 0.962257
2.24178 8.30525
2.22724 11.854
2.25017 10.9808
2.36173 3.86129
2.28863 11.1427
2.32638 9.7294
2.43347 3.89548
2.31585 14.9776
2.3778 6.17755
2.48294 0.274802
2.54637 -0.217137
2.44877 15.825
2.44053 15.3788
2.52172 15.6151
2.57067 12.4223
2.60139 10.3928
2.62974 14.6143
2.69739 6.95767
2.70477 7.57996
2.75341 9.97193
2.77023 5.62212
2.69965 19.4892
2.73614 8.90333
2.75631 10.9465
2.89024 1.40362
2.77101 11.5426
2.82409 15.1775
2.8562 7.86833
2.77063 20.0969
2.93051 10.8139
3.04034 -0.649008
2.93938 16.1237
3.02408 5.89141
3.05058 5.85042
3.05227 11.0543
3.09797 5.5642
3.14361 9.63262
3.0966 13.5637
3.1529 11.1612
3.17982 13.2005
3.2102 8.17663
3.19386 10.1514
3.13506 16.694
3.23109 13.2202
3.26627 8.5413
3.2495 12.0582
3.27155 19.2289
3.28966 16.2487
3.24751 22.6617
3.26224 19.4004
3.36912 13.9708
3.36914 18.5686
3.43571 14.8765
3.37541 17.6031
3.38316 25.6384
3.56006 11.5636
3.47191 17.6369
3.51185 16.8077
3.60565 7.67308
3.62616 8.00212
3.61926 9.39829
3.63084 7.4236
3.69779 15.8724
3.72509 7.97821
3.67284 16.6275
3.74602 12.5452
3.74208 14.653
3.70137 21.9396
3.80249 9.10946
3.95047 1.97194
3.88211 6.08713
3.89663 9.41098
3.90311 6.82003
3.82643 22.5345
4.01605 3.49524
4.02086 1.27575
3.92794 14.2924
3.89686 20.6784
3.9897 17.3163
4.01624 7.81977
4.12298 6.38487
4.09275 9.38102
3.97986 20.8628
4.08746 15.0474
4.08881 19.5476
4.0845 17.4069
4.11786 16.3935
4.13951 16.6574
4.11211 17.7322
4.19799 20.3141
4.30213 -1.50126
4.2821 16.3261
4.34335 12.7159
4.41064 3.57236
4.43919 1.00367
4.3469 11.1563
4.43029 15.0621
4.36095 20.9688
4.44636 5.7546
4.39172 22.2963
4.45465 14.5673
4.50646 16.0162
4.56544 15.5295
4.59258 8.74394
4.50158 24.1476
4.59662 15.1807
4.57887 14.812
4.53676 23.6729
4.61415 14.9548
4.6139 16.4396
4.65417 17.408
4.64285 12.9453
4.65652 21.4457
4.71163 13.6922
4.72129 16.072
4.70959 16.5482
4.73733 16.6377
4.82315 11.381
4.73543 19.5051
4.77145 24.1644
4.76915 21.3454
4.76835 18.8636
4.80138 18.1716
4.96908 9.9059
4.93395 17.7608
4.98509 16.0463
4.96098 18.6435
4.9879 18.3779
5.00728 15.2673
4.9958 17.7014
5.05879 20.3175
5.07469 20.4915
5.16209 18.9768
5.21222 11.2755
5.15642 19.6457
5.09894 20.7377
5.14287 22.6491
5.15266 25.8262
5.14746 31.3078
5.16899 20.9312
5.20964 25.6862
5.21752 22.4595
5.21122 28.9253
5.20723 27.3672
5.2509 25.8513
5.21541 26.2245
5.24572 25.5757
5.35368 25.2146
5.34621 25.3503
5.31501 30.7828
5.32438 25.8263
5.33305 28.7608
5.41164 18.5481
5.39986 29.1397
5.37275 27.9249
5.35206 32.541
5.42949 30.579
5.40395 36.334
5.51742 33.2439
5.4129 39.0743
5.46876 37.9523
5.50001 33.9985
5.45349 37.3012
5.53173 32.1376
5.57972 31.3321
5.5694 31.4672
5.59288 35.967
5.61995 32.0494
5.60156 36.1651
5.60245 40.0265
5.59289 39.0933
5.67295 33.0617
5.69949 28.0417
5.66043 30.5646
5.72899 29.094
5.7351 30.8985
5.74316 32.6079
5.79357 31.31
5.84884 30.7237
5.87254 24.0915
5.87378 22.9027
5.89664 21.9503
5.92627 21.9785
5.9738 24.9872
5.95751 28.7885
5.98701 30.5193
5.98531 25.4125
6.03663 28.6356
6.02977 30.9834
6.10293 24.4945
6.08139 24.5565
6.08217 32.3744
6.14294 28.18
6.14823 24.49
6.11465 27.1252
6.12095 28.1497
6.08102 29.0412
6.18183 25.4166
6.19916 19.637
6.24602 19.9345
6.25052 29.8893
6.17399 31.744
6.21978 34.9461
6.27561 31.42
6.33385 26.9178
6.33674 25.8193
6.37169 26.4244
6.29258 32.391
6.26684 41.0582
6.40469 27.2724
6.38659 33.7549
6.40215 31.1474
6.4768 30.6141
6.45025 32.9713
6.48659 31.9208
6.49451 31.3944
6.50466 38.8559
6.46253 41.7798
6.52299 35.0573
6.51715 38.889
6.52948 46.0606
6.55242 39.6692
6.63808 37.7631
6.55772 45.4856
6.55259 44.9434
6.61407 41.3105
6.69461 35.4397
6.69321 37.2036
6.71002 39.1122
6.73125 33.9009
6.76275 35.0669
6.72498 38.2292
6.69759 43.6657
6.74748 41.2863
6.75242 43.6625
6.69709 55.6246
6.68122 56.8679
6.68289 58.2253
6.72261 59.7692
6.78192 55.9982
6.78983 56.3333
6.74193 63.4524
6.82797 59.8084
6.80884 48.8881
6.82227 52.5542
6.8059 57.9718
6.84925 54.826
6.86624 53.5891
6.83111 56.1767
6.8885 58.4675
6.95115 56.8036
6.94901 58.315
7.02031 54.0232
6.99141 60.3356
7.05093 55.8396
7.20881 40.0471
7.18231 49.7232
7.1471 49.319
7.13369 55.9233
7.12304 54.1879
7.16409 54.8584
7.23307 50.3936
7.26018 47.254
7.21995 58.7955
7.27056 56.7828
7.30527 53.796
7.26177 55.5571
7.27818 56.4319
7.2326 62.7575
7.23849 62.4337
7.26323 61.2137
7.26698 70.8084
7.30169 69.5343
7.28503 66.3107
7.22748 77.1136
7.28029 76.2578
7.29312 76.2864
7.32628 74.0692
7.3447 76.6549
7.35596 71.026
7.38144 77.1884
7.43656 73.0531
7.44165 67.7102
7.39359 73.4833
7.39723 77.8219
7.44784 72.9071
7.50391 73.0602
7.45514 74.9799
7.48453 69.1894
7.50262 73.2085
7.6055 70.5762
7.54522 74.4436
7.58847 75.6756
7.66755 72.0607
7.64944 73.8287
7.61884 71.8382
7.69719 70.1678
7.67488 70.6943
7.66843 74.192
7.6862 71.1755
7.71255 70.354
7.73709 73.2625
7.73424 72.1385
7.77 67.7864
7.78266 71.8981
7.80254 77.5683
7.83739 70.2962
7.80995 73.4942
7.74245 84.7569
7.83454 83.4436
7.85903 79.1604
7.85143 83.3005
7.88755 87.1431
7.81378 85.5132
7.89575 83.9205
7.94103 80.1106
7.88245 81.099
7.81702 96.2067
7.85057 88.785
7.88272 87.3463
7.97152 90.6845
7.91343 91.0738
7.9475 91.9682
8.00052 89.2385
8.0615 86.0529
8.08622 80.8806
8.04743 87.9321
8.06641 91.0098
8.09753 80.6423
8.09411 88.324
8.12077 96.5538
8.20691 83.4371
8.19011 90.8305
8.10809 94.184
8.156 99.2732
8.15808 91.8245
8.17333 95.3102
8.15224 96.388
8.18483 91.1774
8.29163 88.3157
8.27013 91.3338
8.25606 99.7547
8.28234 99.9507
8.24951 102.315
8.31508 98.4555
8.38945 93.6832
8.46769 85.5387
8.53148 86.5603
8.6699 72.546
8.74105 71.7098
8.71049 80.397
8.75254 80.0076
8.73477 81.8094
8.78014 78.7747
8.85418 77.911
8.93779 71.8215
8.98879 65.5568
8.97387 74.6156
8.96421 74.2549
8.93414 81.1647
8.94883 84.6959
8.98326 79.7196
8.98746 84.7263
8.99301 83.8205
8.99484 83.1092
9.01721 83.6291
9.01026 82.5349
9.01004 86.3248
9.0558 82.323
9.04759 80.2262
9.08238 80.1186
9.11077 80.7745
9.11934 82.1965
9.07987 88.4082
9.11876 89.2879
9.18861 91.3358
9.21559 82.645
9.20663 86.9491
9.23345 84.3038
9.25377 80.3466
9.24917 83.9533
9.28658 81.4099
9.22955 91.2878
9.26495 88.5226
9.26613 87.995
9.29975 82.9014
9.30634 85.232
9.32234 83.7175
9.35412 91.5895
9.39607 88.9487
9.39543 89.5979
9.4547 85.8381
9.4024 95.0142
9.43977 93.263
9.50366 89.1732
9.55953 87.8842
9.57374 85.5266
9.61977 82.8479
9.62136 79.4709
9.63903 80.5001
9.61759 84.8311
9.66892 76.9071
9.66718 88.1786
9.72162 79.1061
9.77147 79.5187
9.76618 81.6815
9.85909 76.351
9.92985 73.1614
10.0855 57.2028
10.0973 62.9909
10.2334 55.3377
10.2116 55.4306
10.256 56.1911
10.3394 55.8888
10.4308 46.582
10.5423 43.4665
10.6497 34.3168
10.7007 33.4295
10.7876 32.3721
10.7919 29.8283
10.8209 28.8113
10.901 30.3789
10.9096 32.1854
10.9859 25.851
10.9903 33.1211
11.024 24.2021
11.0807 21.587
11.0941 31.4355
11.1703 25.8334
11.2538 16.9882
11.2475 24.257
11.2514 21.9652
11.303 23.1652
11.3566 20.9154
11.3116 28.0253
11.2818 39.2418
11.4008 27.5203
11.3734 36.0808
11.4725 26.1946
11.4717 28.7769
11.5721 26.9558
11.522 27.5629
11.5536 29.206
11.5191 28.217
11.567 33.3678
11.6157 29.2398
11.7003 26.004
11.7003 28.8419
11.7819 24.2397
11.8259 18.9099
11.8353 21.2543
11.8722 27.2703
12.0027 17.2014
11.9705 25.3872
11.9667 26.7381
11.9606 30.9892
11.9686 32.6385
12.0643 25.8258
12.0524 31.8787
12.0643 25.1975
12.1107 24.5418
12.1552 22.5554
12.1899 28.5368
12.2709 21.6348
12.2575 23.762
12.3011 25.2329
12.3231 21.4997
12.3563 17.504
12.4188 18.7232
12.4229 18.9713
12.4204 20.6916
12.4752 23.3382
12.4368 22.8291
12.4529 26.1435
12.5023 24.9361
12.4973 28.3364
12.5229 30.178
12.5729 24.5815
12.5718 33.1302
12.6086 30.3198
12.7014 22.3164
12.7383 28.0463
12.7102 37.5533
12.7671 30.8868
12.7272 41.1632
12.7335 47.5431
12.7945 41.5414
12.8104 42.5134
12.8621 42.3998
12.855 36.9365
12.8742 37.3436
12.9327 37.011
13.0138 30.0132
13.0546 29.1135
13.0638 31.8939
13.0464 31.8353
13.1658 31.7115
13.1502 29.6455
13.2196 31.2123
13.1821 38.3506
13.2383 30.8072
13.1916 38.1154
13.3063 31.64
13.381 29.7254
13.3372 31.6483
13.4053 27.3229
13.504 22.1097
13.4984 27.1
13.5759 17.088
13.6675 15.3974
13.6147 25.3525
13.6722 15.5846
13.6387 21.3784
13.6571 25.1914
13.7321 15.8051
13.8046 14.4599
13.7596 22.7098
13.7534 25.3374
13.8029 24.1318
13.8324 26.4951
13.8269 25.4055
13.8584 21.7987
13.9099 19.6701
13.8575 23.0071
13.788 33.259
13.8932 26.8256
13.9447 26.7513
13.9783 21.4578
14.0136 22.8779
14.0044 26.7503
14.143 16.6248
14.1552 18.4967
14.1846 23.5555
14.1567 25.6594
14.2126 20.9065
14.183 23.8836
14.2255 17.964
14.2937 16.9369
14.2638 21.0288
14.338 11.2055
14.3357 25.5547
14.403 12.7539
14.4352 20.0052
14.4694 14.1775
14.5181 13.0357
14.5164 16.392
14.5781 13.2379
14.5756 15.4226
14.4944 16.6584
14.5365 19.4617
14.5272 21.4448
14.6749 7.62751
14.6686 16.36
14.6525 13.0119
14.6663 20.3708
14.6877 14.3895
14.6304 25.8492
14.6794 22.9472
14.7425 20.9567
14.7822 22.9105
14.8953 17.308
14.8674 26.6071
14.9407 15.0161
14.9198 16.67
14.8533 26.4845
14.8944 27.4151
14.9838 17.0143
14.9465 24.1925
15.0505 16.2493
15.1003 15.2723
15.0904 25.1609
15.0911 25.7163
15.1514 18.8637
15.182 20.6674
15.2204 22.6603
15.2976 18.1829
15.3099 16.6168
15.3525 16.8321
15.3232 23.6531
15.2249 33.3783
15.3219 28.4919
15.4237 19.584
15.3642 24.9839
15.5266 16.3382
15.5957 14.0406
15.5165 19.1101
15.5412 17.018
15.5803 19.6509
15.6606 14.85
15.6755 19.4622
15.7226 18.0731
15.692 18.2469
15.6885 19.2116
15.7623 18.8644
15.755 24.6044
15.8566 12.8111
15.7838 22.8915
15.8785 14.6737
15.9037 14.3054
15.8753 22.4641
15.9065 19.6401
16.0106 14.4551
15.9841 16.5637
15.9606 22.3144
15.966 25.0177
15.9974 20.6491
16.0811 22.7179
16.156 15.1618
16.0922 20.2371
16.1168 20.5877
16.1329 19.1408
16.0884 24.4089
16.1209 24.9293
16.1019 30.1919
16.1079 34.6906
16.2204 17.9155
16.1561 26.3476
16.1779 32.8511
16.2417 26.5332
16.288 23.2452
16.2563 33.0339
16.2772 28.6026
16.3799 22.5962
16.4086 22.6291
16.494 16.0264
16.484 22.5134
16.4304 30.9147
16.5107 20.4528
16.5207 22.737
16.5428 25.4253
16.612 19.5768
16.6274 14.4223
16.612 16.8013
16.5865 23.0241
16.5604 26.996
16.5495 28.7027
16.5518 35.8244
16.5641 37.0074
16.6026 35.2851
16.7025 28.074
16.7229 27.9795
16.723 29.7556
16.6535 36.4249
16.7016 32.1706
16.724 34.7076
16.7741 34.7645
16.7477 39.6794
16.7614 44.8004
16.8164 36.0635
16.7953 39.0121
16.867 37.3022
16.8601 35.5002
16.9051 37.3444
16.8796 35.2241
16.8733 41.7131
16.9061 45.4082
16.9154 46.2893
17.0008 41.2474
17.0552 36.9725
17.125 33.6734
17.1329 31.7814
17.1028 37.4207
17.0287 47.1873
17.0529 45.864
17.0231 54.1374
17.0986 47.867
17.0686 52.3577
17.0975 51.8447
17.0926 53.3284
17.1361 50.5733
17.1905 44.9497
17.1912 50.6911
17.2119 42.8633
17.2725 44.6422
17.269 48.0836
17.295 46.6335
17.3621 43.2593
17.2951 52.3572
17.323 52.0167
17.3534 44.1238
17.352 45.583
17.3474 49.2592
17.4167 47.2678
17.429 49.2627
17.4729 46.4508
17.4747 47.1247
17.3975 52.9635
17.4374 57.124
17.4457 57.4935
17.4646 55.2738
17.4752 57.0366
17.5343 51.4912
17.5164 54.0236
17.5008 54.5072
17.4866 57.8355
17.4772 62.0298
17.5119 63.0316
17.5219 64.0675
17.5591 57.5402
17.5248 61.7219
17.6048 56.8211
17.6054 59.8429
17.628 61.3873
17.6143 63.9697
17.5815 65.5414
17.6214 67.5096
17.6439 66.1833
17.6519 65.198
17.7321 62.1139
17.7633 68.0618
17.8052 66.4221
17.7715 73.279
17.8161 67.2805
17.8859 65.1013
17.7309 80.6785
17.7842 77.4973
17.7295 82.3656
17.8094 77.4092
17.8128 76.171
17.8595 67.2655
17.8161 85.1311
17.8917 72.3669
17.9235 70.1165
17.9322 78.9241
17.9073 80.7781
17.9597 75.6065
17.9054 88.3143
17.9271 80.8497
17.9911 79.7122
18.0242 76.1001
18.0291 78.0823
18.0699 75.6071
18.0902 76.5752
18.0709 78.544
18.0394 84.6567
18.0917 81.114
18.0854 83.5045
18.0431 89.462
18.1012 88.9833
18.08 88.261
18.1892 75.9441
18.1625 84.9047
18.1452 84.5994
18.1871 77.3446
18.2111 77.787
18.1974 84.4265
18.2255 74.9529
18.2404 82.5701
18.2634 71.4963
18.2827 74.6559
18.2795 76.4351
18.2321 90.9964
18.1616 92.4302
18.2785 86.8985
18.317 85.4087
18.3386 85.8974
18.2974 91.8145
18.3393 91.9875
18.3513 93.2084
18.3903 93.6084
18.3557 98.5163
18.406 93.974
18.4528 88.9619
18.3929 99.7554
18.445 96.849
18.4101 101.623
18.4407 103.469
18.4195 103.676
18.4394 94.848
18.4315 104.611
18.5073 96.8571
18.5147 97.6437
18.5857 89.9245
18.5518 101.988
18.5548 102.159
18.6096 101.176
18.6222 104.253
18.5983 105.109
18.6631 98.9585
18.6884 94.215
18.6571 99.8436
18.6366 105.021
18.7003 98.0641
18.7528 95.3632
18.7719 95.6893
18.7231 100.469
18.7321 102.72
18.7508 109.037
18.8211 100.552
18.8685 97.7603
18.8888 102.058
18.9367 97.4341
19.0003 99.6075
18.9887 103.137
19.0133 98.6927
19.0751 93.6783
19.1793 87.7127
19.2104 86.1253
19.2179 86.9971
19.249 91.2019
19.3128 82.6221
19.3671 81.0229
19.4551 78.6662
19.5233 74.9688
19.5398 78.0372
19.5998 70.1694
19.5629 74.2844
19.5846 78.0844
19.672 69.3179
19.7164 69.2276
19.7745 64.8195
19.8227 66.0099
19.8482 62.1455
19.8405 69.1192
19.8918 67.7455
19.9323 63.6114
19.9787 61.2017
19.9798 63.9346
19.989 69.7837
20.0593 63.5175
20.1625 58.4791
20.1469 66.4671
20.2387 57.2158
20.3351 54.7263
20.3288 52.5795
20.2874 60.778
20.275 63.0099
20.3301 59.6432
20.3689 53.6615
20.4237 60.4112
20.4376 54.9688
20.4673 54.4213
20.4832 49.372
20.502 51.4724
20.6169 48.4607
20.5939 48.8104
20.6817 39.2031
20.6817 50.0935
20.775 39.4477
20.7717 42.3748
20.785 48.7127
20.7182 47.0906
20.7842 49.6074
20.816 56.3869
20.8086 55.2906
20.8533 52.1019
20.7988 61.9606
20.8453 59.1174
20.9586 54.0319
20.9477 56.8105
21.0012 53.3827
21.018 54.9153
21.137 44.0173
21.1385 46.7931
21.217 39.1199
21.2048 39.1693
21.2837 36.2625
21.3539 27.9931
21.3957 28.4293
21.3464 32.0419
21.3548 32.4184
21.3597 30.9471
21.384 33.4121
21.4373 24.7089
21.4001 37.6474
21.4069 34.6794
21.455 28.3257
21.499 33.0699
21.4335 42.4308
21.5115 34.3336
21.6092 32.1369
21.6252 28.8182
21.6673 33.4924
21.7339 26.7299
21.7021 35.7544
21.8022 27.0096
21.8023 27.9967
21.8496 23.6481
21.8163 33.5281
21.8147 32.1251
21.7676 35.1847
21.7691 38.7301
21.8596 31.0025
21.8798 31.6083
21.904 36.0218
21.9267 33.0584
21.9759 29.4947
22.0533 25.2799
21.9544 35.7412
22.0304 28.0866
22.0568 27.7586
21.9847 31.6842
21.9376 41.9856
22.0566 30.8337
22.0788 32.4464
22.1458 27.7409
22.1777 26.6003
22.2163 27.6828
22.1887 33.7829
22.2477 33.0459
22.2882 30.5861
22.2757 32.981
22.2756 36.9305
22.4406 22.301
22.3916 31.8586
22.4764 23.8955
22.4832 29.793
22.5471 28.6132
22.5315 32.0974
22.5417 29.6161
22.578 25.419
22.5699 31.5766
22.6436 22.2413
22.6404 26.7257
22.7086 21.5349
22.7012 26.5011
22.7194 24.6853
22.7346 24.3192
22.7566 29.3315
22.7609 28.331
22.7798 34.376
22.7692 34.1954
22.7639 36.2611
22.6856 44.1312
22.7225 39.76
22.8211 32.8571
22.7984 39.6298
22.7887 36.8792
22.8637 30.8883
22.8896 31.5305
22.9625 26.0704
22.9565 29.5952
22.9952 27.9082
23.0576 27.8903
23.0338 31.6108
23.0811 24.9073
23.1459 28.7838
23.1827 21.1047
23.1752 23.8071
23.2482 26.9691
23.2791 23.4594
23.2668 22.0736
23.2931 29.3254
23.4082 19.4108
23.3729 23.257
23.4226 21.9719
23.474 19.4985
23.5341 16.4727
23.558 18.2536
23.6623 5.8786
23.5963 19.0136
23.6037 21.5884
23.6433 22.5015
23.5874 32.8395
23.6388 21.5265
23.6264 29.2255
23.6853 20.0684
23.8357 9.6299
23.8095 17.3804
23.8431 13.043
23.8214 18.244
23.8869 19.7503
23.7805 27.6538
23.8413 23.4273
23.8687 25.5045
23.8949 17.3939
23.8716 18.5845
23.8397 27.2803
23.9501 23.4119
24.0555 10.7097
24.0281 14.4815
24.1705 6.76445
24.1369 9.81911
24.2648 0.978396
24.2347 17.6811
24.2457 14.3106
24.2398 18.2936
24.2416 15.968
24.2682 15.7296
24.2393 26.4082
24.3491 24.7635
24.3605 15.3431
24.3172 24.648
24.3459 23.4794
24.3663 21.8198
24.3078 28.1883
24.4382 18.735
24.5062 11.3889
24.5738 11.9704
24.5509 13.1658
24.5125 25.5434
24.4183 33.4237
24.5198 24.8174
24.5085 32.0142
24.5305 30.2873
24.6334 19.3098
24.7125 17.2831
24.6696 22.9586
24.7708 19.5855
24.7319 19.3063
24.7983 16.5249
24.8412 16.2579
24.833 23.4246
24.8225 20.244
24.8673 24.8764
24.8351 27.1437
24.8977 17.8688
24.9376 23.5904
24.915 24.4735
24.9459 26.5636
24.9945 25.2733
24.9881 17.6646
25.0252 17.7644
25.0061 23.2463
25.0247 21.2688
25.1129 19.6016
25.1644 12.0039
25.1515 16.2919
25.2218 15.9694
25.221 14.4792
25.2774 13.9221
25.3641 6.66947
25.32 12.914
25.3008 23.7996
25.2951 23.0257
25.3095 18.2068
25.3604 20.7753
25.4003 11.406
25.3802 19.0652
25.453 10.3017
25.4494 17.6783
25.4219 24.21
25.4629 20.2271
25.542 13.0975
25.6246 14.1693
25.6166 15.3603
25.6257 10.1595
25.583 17.244
25.6634 11.6826
25.6534 13.397
25.6303 20.1185
25.6466 15.1864
25.6908 18.7632
25.6623 24.9164
25.7146 15.2652
25.6766 26.2463
25.6903 23.2718
25.7253 26.0623
25.7624 24.0798
25.7493 30.8336
25.8384 21.9153
25.8985 18.7741
25.8508 28.2664
25.9225 21.0817
25.9175 27.3081
25.9439 23.4047
26.0357 22.1459
26.0263 18.7224
26.0307 21.9713
26.0165 17.5594
26.0984 18.8009
26.0619 21.8665
26.1463 19.7821
26.1435 21.638
26.2258 19.3596
26.3295 12.5143
26.2827 17.7084
26.2859 14.9558
26.2982 23.2415
26.2969 24.9769
26.3149 21.9105
26.3626 19.1338
26.3756 20.9508
26.3512 30.3525
26.3437 24.1352
26.3662 27.7529
26.359 31.102
26.3471 26.5336
26.4285 25.761
26.4898 26.1749
26.5706 18.4515
26.5392 18.6011
26.6434 16.8647
26.5338 30.5152
26.4844 37.6058
26.5769 28.6606
26.6599 29.2136
26.6249 28.6866
26.6106 35.7362
26.684 28.6998
26.7536 22.8439
26.7417 27.1306
26.8546 16.5391
26.8941 19.0126
26.8636 23.6553
26.882 19.2473
26.8131 29.5937
26.8434 33.0911
26.8441 32.0056
26.805 36.7929
26.8135 37.9505
26.9117 29.2582
26.9304 32.9301
26.9847 28.7519
26.954 33.5396
26.9657 37.0117
26.9489 37.9057
27.0545 31.6924
27.0606 32.5481
27.0785 31.5376
27.1606 25.4269
27.1482 28.9269
27.2658 19.2538
27.2223 28.935
27.178 37.0706
27.2103 32.1476
27.2589 30.1547
27.2553 33.3886
27.2435 38.9667
27.2633 30.8544
27.3416 24.6145
27.3341 28.4585
27.3789 22.742
27.4647 21.1896
27.38 31.9511
27.3776 35.9829
27.4493 37.9477
27.4445 32.2896
27.4508 34.4272
27.4238 39.4674
27.4218 43.2461
27.4879 34.7718
27.5092 41.2124
27.5693 36.2672
27.6048 36.2072
27.611 35.4288
27.6983 31.1474
27.716 31.153
27.7688 33.4407
27.7138 38.5071
27.7675 32.9411
27.7744 38.3273
27.808 36.123
27.8904 36.5741
27.951 27.8578
27.9438 31.4592
27.9259 34.1919
28.0329 33.2023
27.9973 31.3854
28.0235 30.9833
27.9828 33.7256
28.0526 31.5325
28.1761 22.7406
28.1881 26.2481
28.1598 24.8748
28.1531 30.3841
28.1542 29.9071
28.1853 29.3986
28.1518 35.4455
28.2567 26.9642
28.303 22.2052
28.2687 30.1127
28.307 30.465
28.2847 34.1302
28.3295 31.3684
28.3437 31.6921
28.4111 31.1057
28.4386 21.2678
28.4242 22.4542
28.4611 30.9316
28.5862 20.2894
28.5662 18.5782
28.628 17.9837
28.5876 24.9576
28.6442 25.7347
28.6091 32.8417
28.6894 27.2088
28.6614 31.2257
28.718 21.0479
28.7247 24.4171
28.7533 21.8939
28.7581 21.3885
28.6312 36.6576
28.7295 33.2759
28.7747 27.6563
28.8292 20.9471
28.8727 19.4874
28.9098 23.7098
28.897 21.7052
28.9493 21.479
29.0288 23.7293
29.0189 21.4707
29.0701 18.8771
29.0456 25.5792
29.0704 28.5463
29.0595 23.9897
29.104 25.8296
29.1061 28.4022
29.0332 32.8954
29.1443 22.9345
29.1792 21.5349
29.1601 23.7048
29.1801 29.9739
29.1863 32.5963
29.2498 32.1825
29.2433 31.7328
29.3046 26.0111
29.2946 29.378
29.3682 27.1121
29.3967 26.2336
29.4098 32.3361
29.4932 23.7221
29.5256 25.0138
29.446 35.0532
29.5581 25.3711
29.614 19.2894
29.5296 39.6422
29.6238 30.7349
29.6095 33.1315
29.6078 34.4883
29.6875 24.6224
29.7672 18.5742
29.7777 24.3607
29.7694 28.5978
29.8361 23.0812
29.8667 16.6515
29.8099 30.6586
29.8114 26.6869
29.9393 17.4503
29.8567 29.6695
29.8507 36.3341
30.0157 17.1614
30.014 15.3144
29.907 27.7587
29.9682 28.033
29.9733 28.141
30.0071 27.9467
30.0071 27.1625
30.0516 27.214
30.0541 22.7026
30.1092 22.6225
30.1106 21.9267
30.1184 24.6217
30.1849 16.0398
30.1341 30.2606
30.0906 28.7462
30.177 21.7143
30.2298 22.885
30.2134 22.4386
30.2677 26.8863
30.3208 23.1411
30.3183 20.0766
30.2962 26.8428
30.3496 19.2869
30.3214 29.2267
30.3812 22.4154
30.3494 32.8505
30.3449 32.0626
30.4109 28.5608
30.4461 19.1364
30.4761 17.412
30.4693 23.5491
30.486 22.4896
30.4814 28.7496
30.5126 27.1991
30.5442 27.6081
30.5316 30.679
30.6044 23.706
30.607 24.0241
30.6165 31.4087
30.7089 22.0696
30.7944 21.6889
30.8253 18.2012
30.7571 26.6216
30.7781 19.2631
30.8281 18.602
30.7833 26.5393
30.8201 27.97
30.8303 33.3829
30.843 27.9644
30.8849 24.8316
30.9394 25.5051
30.9835 28.4877
31.0659 17.0516
31.0488 23.3303
31.0112 27.9137
31.0466 25.1042
31.1383 20.5287
31.1174 24.4066
31.1624 19.936
31.2127 19.3005
31.1528 27.6526
31.1852 28.736
31.2735 22.1794
31.1866 27.1343
31.2129 26.858
31.2376 22.0862
31.1456 36.4196
31.2896 23.5011
31.2694 32.8399
31.2633 31.3299
31.2654 34.5925
31.2519 39.3262
31.281 37.6005
31.3659 31.4611
31.3841 36.9829
31.38 36.5058
31.4001 37.6544
31.4096 42.6689
31.4358 36.8662
31.4655 39.4419
31.5411 35.2158
31.5748 30.8188
31.5422 40.9006
31.5587 39.3739
31.5867 36.9372
31.584 42.6194
31.6392 32.9387
31.714 26.1894
31.7148 29.2408
31.6733 36.4807
31.7483 30.6891
31.7686 33.2581
31.8089 35.7812
31.7951 34.8123
31.7598 39.7106
31.8631 34.2656
31.8681 38.3595
31.8099 41.9488
31.8495 37.1368
31.7653 49.2914
31.8563 41.1608
31.8941 40.676
31.8392 47.7392
31.8917 46.9171
31.9397 45.5969
31.9725 41.0641
31.9944 41.1689
31.9794 44.1913
32.0498 43.675
32.0269 48.6361
31.977 48.2991
32.0233 50.3905
32.0171 52.9102
32.0346 52.6937
32.0156 53.0689
32.1267 50.1488
32.2733 34.0236
32.2815 38.3047
32.3126 39.2183
32.2888 46.2055
32.4292 30.4982
32.3627 38.7517
32.4127 32.5221
32.4212 30.8195
32.4758 31.0455
32.4062 38.4568
32.3629 38.8257
32.3046 49.0198
32.3516 45.7052
32.3821 43.5736
32.4033 51.1633
32.3931 52.1857
32.4461 47.87
32.4956 45.8793
32.4545 46.521
32.4525 53.4781
32.5417 43.3848
32.5351 47.2028
32.5396 48.0417
32.5518 48.7282
32.5859 41.927
32.5737 49.3602
32.542 60.8449
32.5706 55.2994
32.6498 49.5682
32.6104 54.6231
32.6461 57.2139
32.6525 56.956
32.6057 63.2683
32.5948 59.3996
32.6246 58.9259
32.7051 58.6398
32.757 55.7327
32.7062 65.0711
32.6718 63.9025
32.6417 70.134
32.6911 65.1277
32.7207 70.119
32.7017 69.1749
32.7629 67.2459
32.8055 62.9433
32.8075 58.7213
32.8241 57.2084
32.8244 65.0078
32.9027 56.0511
32.9119 59.5786
32.9342 61.1554
32.9584 67.5849
32.9829 59.252
32.9757 64.0789
33.0287 62.6326
32.9527 71.4669
32.9834 70.2323
33.0326 70.8948
33.0361 74.8858
33.0631 66.9249
33.0186 75.978
33.0827 78.0006
33.1278 68.8503
33.1202 74.9485
33.193 70.983
33.2472 71.0793
33.2104 66.2748
33.2773 64.2515
33.2323 67.8131
33.2588 67.3157
33.2853 67.8014
33.3245 67.6664
33.2884 73.7512
33.3223 69.7468
33.364 68.2774
33.4237 68.402
33.4784 56.9517
33.4349 62.7291
33.4419 65.6571
33.4615 67.9358
33.4249 73.7494
33.4154 76.9992
33.3478 80.736
33.3593 81.4789
33.3988 82.9478
33.4028 82.6051
33.4714 76.756
33.4752 80.101
33.4521 82.3221
33.4651 88.0057
33.4835 85.4058
33.4827 86.8493
33.4805 91.7826
33.4427 98.741
33.4536 96.8203
33.4581 98.0067
33.5299 94.3571
33.536 93.17
33.609 85.4527
33.5267 90.7509
33.6152 86.5447
33.6509 87.4687
33.6559 86.6316
33.6907 86.6009
33.7054 88.3544
33.6548 94.9805
33.7012 94.6845
33.7725 88.4764
33.805 86.3491
33.8828 77.6789
33.8927 82.6547
33.8456 87.8213
33.8477 84.8188
33.8682 87.378
33.8269 93.9414
33.8903 90.4151
33.8985 87.7851
33.8831 93.5219
33.8916 96.3791
33.9137 90.7321
33.93 95.9304
33.9366 97.6861
33.9464 94.2262
33.9131 100.815
34.0005 95.2366
33.9499 99.7529
33.9678 96.5829
33.9769 101.07
33.9479 107.698
33.9766 108.21
33.9623 103.383
33.9743 105.246
34.065 106.004
34.0269 105.951
33.9747 118.696
34.0387 109.019
34.0635 107.199
34.0381 114.886
34.0195 118.849
34.0778 113.084
34.0741 118.212
34.0953 116.705
34.0698 114.176
34.0817 111.054
34.1368 111.229
34.1411 111.049
34.179 104.817
34.2125 106.139
34.1843 109.987
34.1617 116.423
34.2118 109.051
34.275 100.057
34.2677 101.758
34.2891 101.45
34.2116 110.836
34.2487 109.472
34.1847 115.614
34.2151 114.387
34.268 110.092
34.3185 113.575
34.3275 111.015
34.3244 113.216
34.3234 118.666
34.2979 123.089
34.3264 113.287
34.3869 109.6
34.4087 105.127
34.4848 100.894
34.4607 104.824
34.491 107.531
34.4952 104.84
34.5182 109.77
34.481 114.812
34.5285 116.194
34.5706 108.324
34.5585 109.992
34.5473 110.666
34.6043 115.499
34.6446 105.372
34.6785 108.221
34.683 110.352
34.6991 109.539
34.6961 105.615
34.7297 112.301
34.7852 105.687
34.7627 110.089
34.7465 113.511
34.7681 113.72
34.8275 108.289
34.7756 112.576
34.846 112.39
34.8082 122.238
34.7878 119.078
34.7525 117.578
34.6954 125.494
34.7551 125.983
34.7937 123.525
34.7963 119.133
34.8076 120.391
34.8245 121.188
34.8188 125.333
34.7596 124.803
34.7702 132.5
34.8143 127.858
34.8936 120.526
34.8461 126.839
34.8139 125.695
34.8787 119.419
34.93 115.18
34.8996 122.582
34.9327 122.43
35.0367 114.349
35.0725 114.712
35.0794 116.094
35.1329 116.279
35.1675 110.986
35.2252 109.442
35.2575 102.753
35.2493 100.963
35.2982 105.405
35.2665 113.688
35.2847 106.258
35.3289 106.773
35.35 104.925
35.4151 102.887
35.405 107.497
35.4293 104.087
35.3754 119.128
35.3777 111.17
35.4265 112.367
35.3707 119.469
35.4321 110.854
35.4057 115.145
35.4683 106.036
35.4654 106.133
35.4908 105.399
35.539 101.536
35.5081 106.076
35.5716 99.5192
35.4885 111.041
35.54 103.799
35.5618 109.968
35.5684 108.47
35.6108 106.555
35.558 111.038
35.5449 111.366
35.5368 112.94
35.586 107.643
35.6209 106.242
35.6471 105.896
35.6692 108.227
35.6757 104.389
35.6742 107.056
35.6635 104.25
35.664 107.638
35.7026 103.056
35.6971 102.821
35.7097 108.922
35.7167 106.641
35.754 106.799
35.7802 96.2386
35.7428 101.093
35.7538 100.32
35.7439 108.44
35.7588 101.952
35.798 106.07
35.8487 95.9594
35.8851 92.5831
35.8693 95.8329
35.8851 99.5898
35.8751 94.0227
35.8451 95.0792
35.8776 92.3595
35.9103 98.2207
35.8424 102.063
35.8485 94.5016
35.8197 107.927
35.841 107.234
35.9304 94.2484
35.9516 91.0268
36.0843 83.6829
36.1188 79.3647
36.0821 81.4716
36.0432 81.7198
36.0238 84.5874
36.014 94.2584
36.061 87.4349
36.0954 91.699
36.0286 94.7445
36.0372 95.218
36.1033 93.7686
36.0973 94.6952
36.1016 97.4947
36.1383 95.7114
36.1667 90.9957
36.232 85.2962
36.2089 91.5859
36.2053 84.2001
36.2204 83.3054
36.245 88.1415
36.2959 74.3037
36.2205 89.2063
36.2676 86.0027
36.2587 90.9048
36.2626 87.1543
36.2334 85.3889
36.3093 78.9144
36.348 87.0354
36.3277 90.3599
36.4436 73.5369
36.4497 79.0576
36.3588 86.915
36.4081 85.3189
36.4246 76.7027
36.4147 81.8211
36.3717 86.2836
36.3691 87.3788
36.3631 88.7707
36.3962 92.3298
36.436 89.0216
36.4965 79.3904
36.5847 72.0825
36.5058 82.4999
36.5701 76.7224
36.5721 82.9173
36.6237 80.504
36.5934 89.8492
36.5417 94.7134
36.5114 93.8172
36.5406 97.038
36.5656 91.4258
36.5321 96.3146
36.4738 97.3053
36.4913 101.366
36.5083 95.1855
36.5658 92.2317
36.5602 96.8423
36.5778 96.4662
36.5662 95.6703
36.6176 90.289
36.6188 91.2271
36.6679 86.9815
36.6638 94.1843
36.7052 82.0278
36.6603 92.3558
36.7264 87.2199
36.8133 75.1867
36.7694 85.6024
36.7187 85.5616
36.7524 83.4609
36.7833 83.5624
36.7846 83.217
36.7871 83.3511
36.7972 84.3354
36.8713 79.0227
36.8309 82.989
36.8512 79.6299
36.8342 84.8787
36.9278 74.7969
36.8703 84.9194
36.8512 87.8022
36.8423 81.6667
36.8933 82.3494
36.909 85.5135
36.9106 76.0567
36.8736 82.5645
36.8631 78.5673
36.9304 73.1037
36.9424 73.227
36.9697 71.9393
36.9702 77.6086
37.1006 70.0313
37.1475 64.2427
37.1148 65.9657
37.0439 70.8241
37.0107 75.2925
37.0459 71.9213
37.0476 71.6499
37.0177 73.6998
37.0058 74.2158
37.0079 76.7114
37.0798 66.8642
37.0643 79.0239
37.0592 72.23
37.0983 72.2716
37.0995 69.5342
37.1159 66.6219
37.1059 71.0838
37.1513 69.9028
37.101 69.7093
37.0641 74.0361
37.1478 70.1719
37.2242 61.434
37.2608 64.2355
37.2694 67.1422
37.2546 69.9916
37.2003 77.3256
37.2412 75.0557
37.2741 73.927
37.278 72.3979
37.2573 75.1512
37.2525 78.6781
37.2947 73.8518
37.2685 72.0337
37.2354 74.7069
37.2373 73.4895
37.1963 81.2477
37.2174 82.9309
37.2925 73.9559
37.3432 69.3829
37.3653 68.1321
37.3257 68.8255
37.3341 69.4071
37.357 69.0598
37.3811 67.2087
37.4505 59.1571
37.4086 64.7859
37.4429 65.3927
37.4358 67.924
37.4928 57.2568
37.4153 69.9815
37.3993 69.4997
37.4665 70.2528
37.5326 63.1996
37.5132 66.026
37.4902 70.4278
37.4988 68.04
37.5733 65.2851
37.5512 65.856
37.563 64.7332
37.5857 68.4804
37.6468 68.9783
37.6031 65.835
37.6524 62.624
37.6519 73.3882
37.6827 65.3567
37.6879 66.4619
37.7078 69.2928
37.7099 67.6289
37.7004 67.5715
37.7222 69.5581
37.7395 69.0469
37.7755 65.6532
37.82 62.4966
37.8624 59.9091
37.881 63.0044
37.8885 62.8368
37.9271 60.6117
37.9494 59.1263
37.9308 64.1776
37.9663 62.1471
37.9967 61.0405
37.9679 67.9071
37.943 68.3451
37.9517 66.6966
37.9833 69.505
38.0137 65.3198
37.964 72.5244
37.9444 75.5318
37.9422 74.129
37.9564 74.402
38.004 69.3435
37.9934 71.8416
38.0168 71.1232
38.0417 68.2086
38.0362 69.3488
38.0428 71.491
38.1072 70.7998
38.1394 63.1256
38.12 71.8961
38.1112 71.7475
38.1315 67.7747
38.1206 73.5371
38.1667 67.4065
38.1961 68.9227
38.2347 64.3548
38.265 66.7045
38.2263 71.7005
38.2787 63.4112
38.2833 65.7923
38.2837 65.8801
38.2614 71.2011
38.2374 72.7644
38.3333 64.5575
38.3278 66.3464
38.295 74.6474
38.3401 67.0272
38.3323 73.5422
38.3663 74.7177
38.3846 72.3727
38.342 77.2752
38.4445 67.5424
38.4493 72.9374
38.4912 67.7941
38.4345 76.6326
38.4215 79.4137
38.4555 70.3283
38.4148 80.4054
38.4544 82.3767
38.5132 73.7427
38.4998 76.9208
38.5445 73.0125
38.5672 68.4387
38.5288 75.071
38.6418 69.504
38.7188 64.4313
38.7593 62.0567
38.6914 71.2112
38.6348 79.0804
38.6662 75.1443
38.6852 73.898
38.6929 77.4086
38.6562 77.6468
38.6943 84.8498
38.6502 84.1447
38.7074 79.9012
38.6596 91.3263
38.7103 82.6174
38.6852 93.2539
38.6843 85.4739
38.7188 84.897
38.7175 89.0062
38.7951 86.2854
38.8429 83.5139
38.8055 89.1839
38.8056 92.7793
38.8359 88.3281
38.9036 80.1249
38.9074 84.9163
38.9162 87.0747
38.8535 93.1279
38.9111 89.5439
38.8646 89.0127
38.9317 85.3341
38.9493 90.3416
38.9109 91.7787
38.9836 87.0264
38.9575 90.8546
39.0275 82.4211
39.0376 88.0873
38.9851 93.6927
38.9477 90.7957
38.9028 99.4602
39.0376 86.9862
39.0609 92.698
39.0859 88.026
39.0746 89.9229
39.0792 89.8001
39.1137 89.8343
39.1717 83.7407
39.1649 90.2986
39.1571 86.0347
39.1794 91.1139
39.2067 88.9769
39.1682 93.3579
39.138 95.5173
39.2261 91.7842
39.2164 93.4689
39.2243 95.562
39.3002 84.6286
39.3121 90.8992
39.3815 84.7458
39.3959 87.3465
39.3941 84.9371
39.3944 93.3484
39.4252 91.4117
39.3387 99.0955
39.3286 97.4674
39.2794 104.636
39.3081 101.749
39.3538 95.7504
39.3729 102.804
39.428 97.8901
39.3757 102.638
39.46 97.7246
39.403 101.925
39.4544 96.252
39.471 103.23
39.472 94.0644
39.4709 99.2833
39.4796 103.794
39.4723 103.615
39.5191 100.658
39.4856 98.9727
39.4964 104.767
39.527 100.684
39.5333 100.107
39.521 100.633
39.5105 106.371
39.5539 105.257
39.6071 104.353
39.6211 102.056
39.647 103.191
39.6709 107.148
39.7028 101.762
39.7161 101.308
39.6828 109.968
39.7041 105.926
39.7217 99.9337
39.7236 102.043
39.7602 105.599
39.7669 108.726
39.8319 102.79
39.8069 111.458
39.7908 110.651
39.7835 109.002
39.8257 107.837
39.8109 109.599
39.8513 108.84
39.8103 109.578
39.8522 109.77
39.8402 109.581
39.8575 110.51
39.8461 118.15
39.813 119.73
39.8568 109.772
39.9089 108.987
39.8902 116.676
39.9557 108.587
39.911 114.969
39.9379 120.042
39.9447 119.77
39.9288 116.534
39.9911 111.96
39.9753 114.448
39.9385 116.994
40.0007 111.722
39.9604 115.912
39.9191 116.604
39.9643 113.978
39.989 105.515
39.9959 111.626
39.9924 106.47
